<?xml version="1.0" encoding="utf-8"?>
<COLLADA xmlns="http://www.collada.org/2005/11/COLLADASchema" version="1.4.1">
  <asset>
    <contributor>
      <author>Mixamo</author>
      <authoring_tool>COLLADA Mixamo exporter</authoring_tool>
      <comments/>
    </contributor>
    <created>2023-09-21T05:09:00Z</created>
    <modified>2023-09-21T05:09:00Z</modified>
    <revision/>
    <title/>
    <unit meter="0.010000"/>
    <up_axis>Y_UP</up_axis>
  </asset>
  <library_animations>
    <animation id="mixamorig_Hips-anim" name="mixamorig_Hips">
      <source id="mixamorig_Hips-Matrix-animation-input">
        <float_array id="mixamorig_Hips-Matrix-animation-input-array" count="33">

0.000000 0.033333 0.066667 0.100000 0.133333 0.166667 0.200000 0.233333 0.266667 0.300000 0.333333 0.366667 0.400000 0.433333 0.466667 0.500000
0.533333 0.566667 0.600000 0.633333 0.666667 0.700000 0.733333 0.766667 0.800000 0.833333 0.866667 0.900000 0.933333 0.966667 1.000000 1.033333
1.066667</float_array>
        <technique_common>
          <accessor source="#mixamorig_Hips-Matrix-animation-input-array" count="33">
            <param name="TIME" type="float"/>
          </accessor>
        </technique_common>
      </source>
      <source id="mixamorig_Hips-Matrix-animation-output-transform">
        <float_array id="mixamorig_Hips-Matrix-animation-output-transform-array" count="528">

0.840339 0.337800 0.423935 1.975972 0.027101 0.754919 -0.655257 69.690262 -0.541383 0.562128 0.625234 2.353991 0.000000 0.000000 0.000000 1.000000
0.870855 0.319934 0.373167 2.151300 0.002443 0.756354 -0.654159 69.784233 -0.491534 0.570589 0.657893 0.711262 0.000000 0.000000 0.000000 1.000000
0.897360 0.300893 0.322814 2.456418 -0.018302 0.756253 -0.654024 69.617371 -0.440920 0.580986 0.684138 -0.368416 0.000000 0.000000 0.000000 1.000000
0.919169 0.283548 0.273367 2.608381 -0.037500 0.753914 -0.655902 69.810028 -0.392075 0.592633 0.703607 -1.127686 0.000000 0.000000 0.000000 1.000000
0.933502 0.269768 0.236218 2.721795 -0.052890 0.755162 -0.653401 70.149239 -0.354650 0.597458 0.719213 -1.582241 0.000000 0.000000 0.000000 1.000000
0.940523 0.262619 0.215518 2.824990 -0.065780 0.763148 -0.642867 70.449432 -0.333301 0.590454 0.735034 -1.789127 0.000000 0.000000 0.000000 1.000000
0.939846 0.263638 0.217218 2.813607 -0.072334 0.775064 -0.627729 70.704254 -0.333851 0.574257 0.747511 -1.739955 0.000000 0.000000 0.000000 1.000000
0.930471 0.271389 0.246112 2.624414 -0.065663 0.784424 -0.616739 70.891922 -0.360433 0.557698 0.747704 -1.365172 0.000000 0.000000 0.000000 1.000000
0.913733 0.282875 0.291674 2.416918 -0.046534 0.785983 -0.616494 70.963684 -0.403642 0.549739 0.731342 -0.746134 0.000000 0.000000 0.000000 1.000000
0.895449 0.293169 0.334999 2.422192 -0.022004 0.780755 -0.624449 70.836678 -0.444621 0.551791 0.705577 -0.135038 0.000000 0.000000 0.000000 1.000000
0.881094 0.301363 0.364491 2.631154 -0.004687 0.776216 -0.630449 70.189011 -0.472918 0.553776 0.685332 0.076206 0.000000 0.000000 0.000000 1.000000
0.868989 0.311358 0.384596 2.770891 0.001845 0.775182 -0.631735 69.669945 -0.494828 0.549681 0.673050 -0.264950 0.000000 0.000000 0.000000 1.000000
0.855567 0.317867 0.408615 2.836190 0.013378 0.775462 -0.631253 69.321831 -0.517520 0.545545 0.659207 -1.283242 0.000000 0.000000 0.000000 1.000000
0.839791 0.316730 0.440946 2.809256 0.040135 0.773750 -0.632219 69.013260 -0.541425 0.548629 0.637076 -2.445808 0.000000 0.000000 0.000000 1.000000
0.820659 0.322234 0.471894 2.681371 0.065072 0.767756 -0.637429 68.783234 -0.567701 0.553819 0.609098 -3.549752 0.000000 0.000000 0.000000 1.000000
0.798209 0.339918 0.497311 2.399188 0.080435 0.758039 -0.647230 68.753899 -0.596986 0.556626 0.577733 -4.674727 0.000000 0.000000 0.000000 1.000000
0.772920 0.365130 0.518917 2.023046 0.091461 0.745177 -0.660565 69.061317 -0.627877 0.558024 0.542567 -5.811142 0.000000 0.000000 0.000000 1.000000
0.745811 0.393168 0.537759 1.683482 0.101792 0.730513 -0.675269 69.597267 -0.658334 0.558363 0.504804 -6.847495 0.000000 0.000000 0.000000 1.000000
0.716528 0.418582 0.558012 1.502028 0.113411 0.719402 -0.685273 69.734200 -0.688278 0.554302 0.468000 -7.268991 0.000000 0.000000 0.000000 1.000000
0.686104 0.441896 0.577918 1.481972 0.123285 0.712272 -0.690992 69.978943 -0.716981 0.545341 0.434213 -7.248869 0.000000 0.000000 0.000000 1.000000
0.656941 0.459825 0.597485 1.519286 0.131415 0.710514 -0.691304 70.506958 -0.742400 0.532664 0.406338 -6.924190 0.000000 0.000000 0.000000 1.000000
0.639513 0.468948 0.609189 1.586851 0.125758 0.717923 -0.684669 70.981239 -0.758425 0.514465 0.400146 -6.085339 0.000000 0.000000 0.000000 1.000000
0.624235 0.475219 0.620078 1.749511 0.116017 0.728523 -0.675125 71.084061 -0.772574 0.493376 0.399636 -4.739157 0.000000 0.000000 0.000000 1.000000
0.612468 0.478973 0.628862 1.943368 0.102608 0.740630 -0.664033 70.814857 -0.783808 0.471225 0.404466 -3.055950 0.000000 0.000000 0.000000 1.000000
0.606780 0.480242 0.633393 2.088360 0.085815 0.752614 -0.652846 70.312737 -0.790224 0.450488 0.415459 -0.986038 0.000000 0.000000 0.000000 1.000000
0.608914 0.479201 0.632131 2.103471 0.066736 0.763128 -0.642792 69.892860 -0.790424 0.433591 0.432699 1.283703 0.000000 0.000000 0.000000 1.000000
0.621941 0.476785 0.621180 2.012108 0.043289 0.771122 -0.635214 69.338280 -0.781866 0.421956 0.458954 2.890004 0.000000 0.000000 0.000000 1.000000
0.659900 0.470657 0.585674 1.822560 0.009188 0.774379 -0.632655 68.955963 -0.751297 0.422871 0.506689 3.848892 0.000000 0.000000 0.000000 1.000000
0.706973 0.448143 0.547135 1.471110 -0.000939 0.774214 -0.632924 69.091232 -0.707240 0.446946 0.547769 4.255162 0.000000 0.000000 0.000000 1.000000
0.749456 0.419799 0.511941 1.178382 0.004373 0.770107 -0.637900 69.424408 -0.662040 0.480317 0.575326 4.168324 0.000000 0.000000 0.000000 1.000000
0.784607 0.391624 0.480648 1.185603 0.014592 0.763368 -0.645799 69.521683 -0.619822 0.513712 0.593229 3.670893 0.000000 0.000000 0.000000 1.000000
0.811712 0.364840 0.456087 1.454553 0.026577 0.757012 -0.652860 69.628357 -0.583453 0.542056 0.604779 3.005953 0.000000 0.000000 0.000000 1.000000
0.840339 0.337800 0.423934 1.975970 0.027101 0.754919 -0.655257 69.690269 -0.541383 0.562128 0.625234 2.353987 0.000000 0.000000 0.000000 1.000000</float_array>
        <technique_common>
          <accessor source="#mixamorig_Hips-Matrix-animation-output-transform-array" count="33" stride="16">
            <param type="float4x4"/>
          </accessor>
        </technique_common>
      </source>
      <source id="mixamorig_Hips-Interpolations">
        <Name_array id="mixamorig_Hips-Interpolations-array" count="33">
 LINEAR LINEAR LINEAR LINEAR LINEAR LINEAR LINEAR LINEAR LINEAR LINEAR LINEAR
LINEAR LINEAR LINEAR LINEAR LINEAR LINEAR LINEAR LINEAR LINEAR LINEAR LINEAR LINEAR
LINEAR LINEAR LINEAR LINEAR LINEAR LINEAR LINEAR LINEAR LINEAR LINEAR</Name_array>
        <technique_common>
          <accessor source="#mixamorig_Hips-Interpolations-array" count="33">
            <param type="name"/>
          </accessor>
        </technique_common>
      </source>
      <sampler id="mixamorig_Hips-Matrix-animation-transform">
        <input semantic="INPUT" source="#mixamorig_Hips-Matrix-animation-input"/>
        <input semantic="OUTPUT" source="#mixamorig_Hips-Matrix-animation-output-transform"/>
        <input semantic="INTERPOLATION" source="#mixamorig_Hips-Interpolations"/>
      </sampler>
      <channel source="#mixamorig_Hips-Matrix-animation-transform" target="mixamorig_Hips/matrix"/>
    </animation>
    <animation id="mixamorig_Spine-anim" name="mixamorig_Spine">
      <source id="mixamorig_Spine-Matrix-animation-input">
        <float_array id="mixamorig_Spine-Matrix-animation-input-array" count="33">

0.000000 0.033333 0.066667 0.100000 0.133333 0.166667 0.200000 0.233333 0.266667 0.300000 0.333333 0.366667 0.400000 0.433333 0.466667 0.500000
0.533333 0.566667 0.600000 0.633333 0.666667 0.700000 0.733333 0.766667 0.800000 0.833333 0.866667 0.900000 0.933333 0.966667 1.000000 1.033333
1.066667</float_array>
        <technique_common>
          <accessor source="#mixamorig_Spine-Matrix-animation-input-array" count="33">
            <param name="TIME" type="float"/>
          </accessor>
        </technique_common>
      </source>
      <source id="mixamorig_Spine-Matrix-animation-output-transform">
        <float_array id="mixamorig_Spine-Matrix-animation-output-transform-array" count="528">

0.998822 0.005144 0.048250 0.000000 0.005731 0.974898 -0.222579 10.198500 -0.048183 0.222593 0.973720 -1.858500 0.000000 0.000000 0.000000 1.000000
0.996322 0.023434 0.082420 0.000000 -0.003898 0.973276 -0.229604 10.198500 -0.085598 0.228439 0.969788 -1.858500 0.000000 0.000000 0.000000 1.000000
0.992229 0.048547 0.114561 0.000000 -0.021509 0.973804 -0.226368 10.198500 -0.122550 0.222145 0.967281 -1.858500 0.000000 0.000000 0.000000 1.000000
0.986860 0.077336 0.141871 -0.000000 -0.045322 0.975259 -0.216370 10.198500 -0.155094 0.207097 0.965949 -1.858500 0.000000 0.000000 0.000000 1.000000
0.981374 0.103390 0.161911 -0.000000 -0.068997 0.976282 -0.205214 10.198500 -0.179288 0.190220 0.965232 -1.858500 0.000000 0.000000 0.000000 1.000000
0.977575 0.120472 0.172723 -0.000000 -0.085543 0.976655 -0.197049 10.198500 -0.192430 0.177855 0.965059 -1.858500 0.000000 0.000000 0.000000 1.000000
0.976703 0.127203 0.172831 0.000000 -0.093406 0.977082 -0.191275 10.198500 -0.193201 0.170676 0.966200 -1.858500 0.000000 0.000000 0.000000 1.000000
0.978531 0.127332 0.162062 -0.000000 -0.096693 0.978043 -0.184613 10.198500 -0.182011 0.164979 0.969357 -1.858500 0.000000 0.000000 0.000000 1.000000
0.981809 0.125237 0.142713 -0.000000 -0.099290 0.979314 -0.176313 10.198500 -0.161842 0.158936 0.973934 -1.858500 0.000000 0.000000 0.000000 1.000000
0.985271 0.121266 0.120561 0.000000 -0.099767 0.980266 -0.170663 10.198500 -0.138878 0.156121 0.977926 -1.858500 0.000000 0.000000 0.000000 1.000000
0.988437 0.112708 0.101440 0.000000 -0.093990 0.980354 -0.173412 10.198500 -0.118992 0.161873 0.979611 -1.858500 0.000000 0.000000 0.000000 1.000000
0.991339 0.099243 0.086012 -0.000000 -0.081929 0.979211 -0.185562 10.198500 -0.102640 0.176907 0.978861 -1.858500 0.000000 0.000000 0.000000 1.000000
0.993896 0.082754 0.072961 0.000000 -0.066558 0.977189 -0.201673 10.198500 -0.087986 0.195586 0.976732 -1.858500 0.000000 0.000000 0.000000 1.000000
0.995892 0.064990 0.063053 0.000000 -0.050030 0.975317 -0.215069 10.198500 -0.075474 0.211031 0.974561 -1.858500 0.000000 0.000000 0.000000 1.000000
0.997267 0.046420 0.057475 0.000000 -0.032492 0.974257 -0.223087 10.198500 -0.066351 0.220610 0.973103 -1.858500 0.000000 0.000000 0.000000 1.000000
0.998123 0.026110 0.055392 0.000000 -0.012899 0.973895 -0.226630 10.198500 -0.059863 0.225491 0.972404 -1.858500 0.000000 0.000000 0.000000 1.000000
0.998548 0.005012 0.053628 0.000000 0.007279 0.973972 -0.226550 10.198500 -0.053368 0.226611 0.972522 -1.858500 0.000000 0.000000 0.000000 1.000000
0.998744 -0.013733 0.048182 0.000000 0.024131 0.974655 -0.222407 10.198500 -0.043907 0.223290 0.973763 -1.858500 0.000000 0.000000 0.000000 1.000000
0.998901 -0.029630 0.036315 0.000000 0.036746 0.976055 -0.214398 10.198500 -0.029093 0.215496 0.976071 -1.858500 0.000000 0.000000 0.000000 1.000000
0.998745 -0.046482 0.018666 0.000000 0.049322 0.977609 -0.204567 10.198500 -0.008739 0.205231 0.978675 -1.858500 0.000000 0.000000 0.000000 1.000000
0.997732 -0.067289 0.001517 0.000000 0.066288 0.978493 -0.195337 10.198500 0.011659 0.194994 0.980735 -1.858500 0.000000 0.000000 0.000000 1.000000
0.996232 -0.086525 -0.006007 0.000000 0.083851 0.978512 -0.188369 10.198500 0.022177 0.187155 0.982080 -1.858500 0.000000 0.000000 0.000000 1.000000
0.995047 -0.099350 -0.003416 0.000000 0.097061 0.978391 -0.182566 10.198500 0.021480 0.181330 0.983188 -1.858500 0.000000 0.000000 0.000000 1.000000
0.993440 -0.114347 -0.001209 0.000000 0.112335 0.977823 -0.176755 10.198500 0.021393 0.175460 0.984254 -1.858500 0.000000 0.000000 0.000000 1.000000
0.991750 -0.128168 0.002308 -0.000000 0.126633 0.976760 -0.172927 10.198500 0.019909 0.171792 0.984932 -1.858500 0.000000 0.000000 0.000000 1.000000
0.990383 -0.138183 0.006792 -0.000000 0.137288 0.975520 -0.171790 10.198500 0.017112 0.171070 0.985110 -1.858500 0.000000 0.000000 0.000000 1.000000
0.988842 -0.148472 0.012182 0.000000 0.148317 0.973542 -0.173832 10.198500 0.013950 0.173699 0.984700 -1.858500 0.000000 0.000000 0.000000 1.000000
0.989869 -0.140906 0.017465 0.000000 0.141688 0.972347 -0.185649 10.198500 0.009177 0.186243 0.982461 -1.858500 0.000000 0.000000 0.000000 1.000000
0.993600 -0.110180 0.024900 0.000000 0.112940 0.972993 -0.201318 10.198500 -0.002046 0.202842 0.979209 -1.858500 0.000000 0.000000 0.000000 1.000000
0.996939 -0.070346 0.034127 -0.000000 0.076046 0.973850 -0.214087 10.198500 -0.018174 0.216027 0.976218 -1.858500 0.000000 0.000000 0.000000 1.000000
0.998531 -0.035080 0.041289 0.000000 0.043360 0.974360 -0.220779 10.198500 -0.032485 0.222245 0.974449 -1.858500 0.000000 0.000000 0.000000 1.000000
0.998925 -0.010518 0.045154 -0.000000 0.020324 0.974702 -0.222583 10.198500 -0.041670 0.223261 0.973868 -1.858500 0.000000 0.000000 0.000000 1.000000
0.998822 0.005144 0.048250 0.000000 0.005731 0.974898 -0.222579 10.198500 -0.048184 0.222593 0.973720 -1.858500 0.000000 0.000000 0.000000 1.000000</float_array>
        <technique_common>
          <accessor source="#mixamorig_Spine-Matrix-animation-output-transform-array" count="33" stride="16">
            <param type="float4x4"/>
          </accessor>
        </technique_common>
      </source>
      <source id="mixamorig_Spine-Interpolations">
        <Name_array id="mixamorig_Spine-Interpolations-array" count="33">
 LINEAR LINEAR LINEAR LINEAR LINEAR LINEAR LINEAR LINEAR LINEAR LINEAR LINEAR
LINEAR LINEAR LINEAR LINEAR LINEAR LINEAR LINEAR LINEAR LINEAR LINEAR LINEAR LINEAR
LINEAR LINEAR LINEAR LINEAR LINEAR LINEAR LINEAR LINEAR LINEAR LINEAR</Name_array>
        <technique_common>
          <accessor source="#mixamorig_Spine-Interpolations-array" count="33">
            <param type="name"/>
          </accessor>
        </technique_common>
      </source>
      <sampler id="mixamorig_Spine-Matrix-animation-transform">
        <input semantic="INPUT" source="#mixamorig_Spine-Matrix-animation-input"/>
        <input semantic="OUTPUT" source="#mixamorig_Spine-Matrix-animation-output-transform"/>
        <input semantic="INTERPOLATION" source="#mixamorig_Spine-Interpolations"/>
      </sampler>
      <channel source="#mixamorig_Spine-Matrix-animation-transform" target="mixamorig_Spine/matrix"/>
    </animation>
    <animation id="mixamorig_Spine1-anim" name="mixamorig_Spine1">
      <source id="mixamorig_Spine1-Matrix-animation-input">
        <float_array id="mixamorig_Spine1-Matrix-animation-input-array" count="33">

0.000000 0.033333 0.066667 0.100000 0.133333 0.166667 0.200000 0.233333 0.266667 0.300000 0.333333 0.366667 0.400000 0.433333 0.466667 0.500000
0.533333 0.566667 0.600000 0.633333 0.666667 0.700000 0.733333 0.766667 0.800000 0.833333 0.866667 0.900000 0.933333 0.966667 1.000000 1.033333
1.066667</float_array>
        <technique_common>
          <accessor source="#mixamorig_Spine1-Matrix-animation-input-array" count="33">
            <param name="TIME" type="float"/>
          </accessor>
        </technique_common>
      </source>
      <source id="mixamorig_Spine1-Matrix-animation-output-transform">
        <float_array id="mixamorig_Spine1-Matrix-animation-output-transform-array" count="528">

0.999985 0.003448 0.004230 -0.000000 -0.002280 0.968243 -0.250002 12.094200 -0.004958 0.249989 0.968236 -0.000000 0.000000 0.000000 0.000000 1.000000
0.999952 0.005255 0.008289 0.000000 -0.002980 0.967262 -0.253763 12.094200 -0.009351 0.253726 0.967231 0.000000 0.000000 0.000000 0.000000 1.000000
0.999886 0.008380 0.012594 0.000000 -0.004921 0.967447 -0.253027 12.094200 -0.014304 0.252936 0.967377 0.000000 0.000000 0.000000 0.000000 1.000000
0.999777 0.011989 0.017405 0.000000 -0.007279 0.968478 -0.248994 12.094200 -0.019841 0.248812 0.968349 -0.000000 0.000000 0.000000 0.000000 1.000000
0.999620 0.015145 0.023030 -0.000000 -0.009079 0.969812 -0.243684 12.094200 -0.026026 0.243382 0.969581 0.000000 0.000000 0.000000 0.000000 1.000000
0.999423 0.017424 0.029153 -0.000000 -0.009946 0.970894 -0.239302 12.094200 -0.032474 0.238874 0.970507 -0.000000 0.000000 0.000000 0.000000 1.000000
0.999223 0.019030 0.034503 -0.000000 -0.010310 0.971408 -0.237191 12.094200 -0.038030 0.236651 0.970850 0.000000 0.000000 0.000000 0.000000 1.000000
0.999094 0.020083 0.037526 -0.000000 -0.010607 0.971344 -0.237443 12.094200 -0.041219 0.236829 0.970676 -0.000000 0.000000 0.000000 0.000000 1.000000
0.999090 0.020158 0.037598 -0.000000 -0.010583 0.970883 -0.239321 12.094200 -0.041327 0.238705 0.970212 0.000000 0.000000 0.000000 0.000000 1.000000
0.999192 0.018756 0.035533 0.000000 -0.009596 0.970167 -0.242247 12.094200 -0.039016 0.241711 0.969564 0.000000 0.000000 0.000000 0.000000 1.000000
0.999332 0.016051 0.032830 0.000000 -0.007478 0.969187 -0.246214 12.094200 -0.035770 0.245804 0.968659 -0.000000 0.000000 0.000000 0.000000 1.000000
0.999454 0.012922 0.030424 -0.000000 -0.004873 0.967963 -0.251044 12.094200 -0.032693 0.250759 0.967497 0.000000 0.000000 0.000000 0.000000 1.000000
0.999550 0.010181 0.028205 0.000000 -0.002628 0.966724 -0.255808 12.094200 -0.029870 0.255619 0.966316 0.000000 0.000000 0.000000 0.000000 1.000000
0.999639 0.007815 0.025690 0.000000 -0.000876 0.965695 -0.259678 12.094200 -0.026838 0.259562 0.965353 -0.000000 0.000000 0.000000 0.000000 1.000000
0.999724 0.005039 0.022956 0.000000 0.001175 0.964804 -0.262967 12.094200 -0.023474 0.262921 0.964532 0.000000 0.000000 0.000000 0.000000 1.000000
0.999784 0.001296 0.020742 -0.000000 0.004276 0.963871 -0.266335 12.094200 -0.020337 0.266366 0.963657 0.000000 0.000000 0.000000 0.000000 1.000000
0.999804 -0.002653 0.019629 0.000000 0.007836 0.963110 -0.268993 12.094200 -0.018192 0.269094 0.962942 -0.000000 0.000000 0.000000 0.000000 1.000000
0.999802 -0.004866 0.019303 -0.000000 0.009877 0.963144 -0.268806 12.094200 -0.017284 0.268943 0.963001 0.000000 0.000000 0.000000 0.000000 1.000000
0.999816 -0.003833 0.018791 0.000000 0.008671 0.964309 -0.264639 12.094200 -0.017106 0.264753 0.964164 0.000000 0.000000 0.000000 0.000000 1.000000
0.999847 0.000056 0.017483 -0.000000 0.004455 0.966174 -0.257854 12.094200 -0.016906 0.257892 0.966026 0.000000 0.000000 0.000000 0.000000 1.000000
0.999865 0.004769 0.015710 0.000000 -0.000675 0.968009 -0.250915 12.094200 -0.016404 0.250870 0.967882 0.000000 0.000000 0.000000 0.000000 1.000000
0.999869 0.007559 0.014330 0.000000 -0.003807 0.969346 -0.245672 12.094200 -0.015748 0.245585 0.969247 -0.000000 0.000000 0.000000 0.000000 1.000000
0.999890 0.006438 0.013347 0.000000 -0.003019 0.970305 -0.241866 12.094200 -0.014508 0.241799 0.970218 -0.000000 0.000000 0.000000 0.000000 1.000000
0.999920 0.003549 0.012149 0.000000 -0.000549 0.971137 -0.238523 12.094200 -0.012645 0.238497 0.971061 -0.000000 0.000000 0.000000 0.000000 1.000000
0.999940 -0.001174 0.010930 0.000000 0.003727 0.971598 -0.236607 12.094200 -0.010342 0.236633 0.971544 -0.000000 0.000000 0.000000 0.000000 1.000000
0.999928 -0.007203 0.009600 0.000000 0.009267 0.971651 -0.236238 12.094200 -0.007626 0.236310 0.971648 0.000000 0.000000 0.000000 0.000000 1.000000
0.999865 -0.014351 0.008036 0.000000 0.015850 0.971200 -0.237739 12.094200 -0.004393 0.237834 0.971296 -0.000000 0.000000 0.000000 0.000000 1.000000
0.999851 -0.015999 0.006543 0.000000 0.017108 0.970036 -0.242357 12.094200 -0.002470 0.242433 0.970165 0.000000 0.000000 0.000000 0.000000 1.000000
0.999922 -0.011145 0.005568 -0.000000 0.012177 0.968804 -0.247527 12.094200 -0.002636 0.247576 0.968865 0.000000 0.000000 0.000000 0.000000 1.000000
0.999978 -0.004175 0.005142 -0.000000 0.005333 0.967895 -0.251300 12.094200 -0.003928 0.251322 0.967896 0.000000 0.000000 0.000000 0.000000 1.000000
0.999987 0.001146 0.005033 -0.000000 0.000162 0.967570 -0.252604 12.094200 -0.005159 0.252602 0.967557 -0.000000 0.000000 0.000000 0.000000 1.000000
0.999982 0.003436 0.004820 -0.000000 -0.002112 0.967779 -0.251792 12.094200 -0.005530 0.251778 0.967769 0.000000 0.000000 0.000000 0.000000 1.000000
0.999985 0.003447 0.004230 -0.000000 -0.002280 0.968243 -0.250002 12.094200 -0.004958 0.249988 0.968236 0.000000 0.000000 0.000000 0.000000 1.000000</float_array>
        <technique_common>
          <accessor source="#mixamorig_Spine1-Matrix-animation-output-transform-array" count="33" stride="16">
            <param type="float4x4"/>
          </accessor>
        </technique_common>
      </source>
      <source id="mixamorig_Spine1-Interpolations">
        <Name_array id="mixamorig_Spine1-Interpolations-array" count="33">
 LINEAR LINEAR LINEAR LINEAR LINEAR LINEAR LINEAR LINEAR LINEAR LINEAR LINEAR
LINEAR LINEAR LINEAR LINEAR LINEAR LINEAR LINEAR LINEAR LINEAR LINEAR LINEAR LINEAR
LINEAR LINEAR LINEAR LINEAR LINEAR LINEAR LINEAR LINEAR LINEAR LINEAR</Name_array>
        <technique_common>
          <accessor source="#mixamorig_Spine1-Interpolations-array" count="33">
            <param type="name"/>
          </accessor>
        </technique_common>
      </source>
      <sampler id="mixamorig_Spine1-Matrix-animation-transform">
        <input semantic="INPUT" source="#mixamorig_Spine1-Matrix-animation-input"/>
        <input semantic="OUTPUT" source="#mixamorig_Spine1-Matrix-animation-output-transform"/>
        <input semantic="INTERPOLATION" source="#mixamorig_Spine1-Interpolations"/>
      </sampler>
      <channel source="#mixamorig_Spine1-Matrix-animation-transform" target="mixamorig_Spine1/matrix"/>
    </animation>
    <animation id="mixamorig_Spine2-anim" name="mixamorig_Spine2">
      <source id="mixamorig_Spine2-Matrix-animation-input">
        <float_array id="mixamorig_Spine2-Matrix-animation-input-array" count="33">

0.000000 0.033333 0.066667 0.100000 0.133333 0.166667 0.200000 0.233333 0.266667 0.300000 0.333333 0.366667 0.400000 0.433333 0.466667 0.500000
0.533333 0.566667 0.600000 0.633333 0.666667 0.700000 0.733333 0.766667 0.800000 0.833333 0.866667 0.900000 0.933333 0.966667 1.000000 1.033333
1.066667</float_array>
        <technique_common>
          <accessor source="#mixamorig_Spine2-Matrix-animation-input-array" count="33">
            <param name="TIME" type="float"/>
          </accessor>
        </technique_common>
      </source>
      <source id="mixamorig_Spine2-Matrix-animation-output-transform">
        <float_array id="mixamorig_Spine2-Matrix-animation-output-transform-array" count="528">

0.999989 0.002618 0.003896 0.000000 -0.001616 0.971279 -0.237937 13.821900 -0.004407 0.237928 0.971273 0.000000 0.000000 0.000000 0.000000 1.000000
0.999956 0.004803 0.008074 -0.000000 -0.002709 0.970340 -0.241728 13.821900 -0.008996 0.241696 0.970310 0.000000 0.000000 0.000000 0.000000 1.000000
0.999888 0.008463 0.012353 0.000000 -0.005237 0.970507 -0.241015 13.821900 -0.014028 0.240924 0.970443 0.000000 0.000000 0.000000 0.000000 1.000000
0.999773 0.012762 0.017042 0.000000 -0.008360 0.971473 -0.237003 13.821900 -0.019581 0.236807 0.971359 -0.000000 0.000000 0.000000 0.000000 1.000000
0.999607 0.016702 0.022511 0.000000 -0.011034 0.972721 -0.231715 13.821900 -0.025767 0.231375 0.972523 0.000000 0.000000 0.000000 0.000000 1.000000
0.999399 0.019750 0.028495 -0.000000 -0.012760 0.973728 -0.227356 13.821900 -0.032237 0.226856 0.973395 0.000000 0.000000 0.000000 0.000000 1.000000
0.999188 0.021990 0.033754 0.000000 -0.013830 0.974200 -0.225263 13.821900 -0.037837 0.224614 0.973713 -0.000000 0.000000 0.000000 0.000000 1.000000
0.999049 0.023457 0.036750 0.000000 -0.014576 0.974129 -0.225522 13.821900 -0.041089 0.224772 0.973545 0.000000 0.000000 0.000000 0.000000 1.000000
0.999040 0.023714 0.036841 0.000000 -0.014726 0.973690 -0.227399 13.821900 -0.041264 0.226638 0.973105 0.000000 0.000000 0.000000 0.000000 1.000000
0.999145 0.022325 0.034803 0.000000 -0.013718 0.973017 -0.230325 13.821900 -0.039006 0.229651 0.972491 0.000000 0.000000 0.000000 0.000000 1.000000
0.999293 0.019562 0.032111 0.000000 -0.011501 0.972096 -0.234302 13.821900 -0.035799 0.233767 0.971633 0.000000 0.000000 0.000000 0.000000 1.000000
0.999424 0.016362 0.029720 0.000000 -0.008784 0.970943 -0.239149 13.821900 -0.032770 0.238750 0.970528 0.000000 0.000000 0.000000 0.000000 1.000000
0.999529 0.013528 0.027560 0.000000 -0.006400 0.969774 -0.243921 13.821900 -0.030026 0.243629 0.969403 0.000000 0.000000 0.000000 0.000000 1.000000
0.999623 0.011012 0.025152 -0.000000 -0.004439 0.968806 -0.247780 13.821900 -0.027096 0.247575 0.968490 0.000000 0.000000 0.000000 0.000000 1.000000
0.999714 0.008034 0.022519 0.000000 -0.002124 0.967972 -0.251048 13.821900 -0.023815 0.250929 0.967713 0.000000 0.000000 0.000000 0.000000 1.000000
0.999785 0.004072 0.020316 0.000000 0.001231 0.967100 -0.254394 13.821900 -0.020684 0.254365 0.966887 -0.000000 0.000000 0.000000 0.000000 1.000000
0.999818 -0.000094 0.019069 -0.000000 0.004993 0.966389 -0.257036 13.821900 -0.018404 0.257085 0.966214 -0.000000 0.000000 0.000000 0.000000 1.000000
0.999826 -0.002556 0.018476 0.000000 0.007217 0.966428 -0.256834 13.821900 -0.017199 0.256923 0.966279 0.000000 0.000000 0.000000 0.000000 1.000000
0.999843 -0.001824 0.017638 -0.000000 0.006222 0.967536 -0.252658 13.821900 -0.016605 0.252728 0.967395 -0.000000 0.000000 0.000000 0.000000 1.000000
0.999871 0.001778 0.015958 0.000000 0.002200 0.969302 -0.245861 13.821900 -0.015906 0.245865 0.969174 0.000000 0.000000 0.000000 0.000000 1.000000
0.999887 0.006344 0.013665 -0.000000 -0.002896 0.971041 -0.238895 13.821900 -0.014785 0.238828 0.970949 0.000000 0.000000 0.000000 0.000000 1.000000
0.999890 0.009160 0.011670 0.000000 -0.006181 0.972313 -0.233599 13.821900 -0.013486 0.233501 0.972263 0.000000 0.000000 0.000000 0.000000 1.000000
0.999913 0.008066 0.010434 0.000000 -0.005453 0.973238 -0.229737 13.821900 -0.012007 0.229660 0.973197 0.000000 0.000000 0.000000 0.000000 1.000000
0.999943 0.005158 0.009300 0.000000 -0.002919 0.974039 -0.226360 13.821900 -0.010227 0.226320 0.973999 0.000000 0.000000 0.000000 0.000000 1.000000
0.999965 0.000409 0.008411 0.000000 0.001490 0.974489 -0.224432 13.821900 -0.008288 0.224436 0.974453 0.000000 0.000000 0.000000 0.000000 1.000000
0.999954 -0.005691 0.007668 0.000000 0.007264 0.974544 -0.224081 13.821900 -0.006198 0.224126 0.974540 0.000000 0.000000 0.000000 0.000000 1.000000
0.999892 -0.012927 0.006939 -0.000000 0.014160 0.974108 -0.225639 13.821900 -0.003842 0.225712 0.974186 0.000000 0.000000 0.000000 0.000000 1.000000
0.999876 -0.014715 0.005671 -0.000000 0.015625 0.972994 -0.230302 13.821900 -0.002129 0.230362 0.973103 0.000000 0.000000 0.000000 0.000000 1.000000
0.999938 -0.010199 0.004393 -0.000000 0.010947 0.971818 -0.235477 13.821900 -0.001867 0.235510 0.971870 0.000000 0.000000 0.000000 0.000000 1.000000
0.999986 -0.003734 0.003716 0.000000 0.004515 0.970950 -0.239239 13.821900 -0.002714 0.239253 0.970954 0.000000 0.000000 0.000000 0.000000 1.000000
0.999993 0.001062 0.003686 0.000000 -0.000144 0.970639 -0.240542 13.821900 -0.003833 0.240539 0.970632 0.000000 0.000000 0.000000 0.000000 1.000000
0.999988 0.002919 0.003878 -0.000000 -0.001905 0.970837 -0.239734 13.821900 -0.004465 0.239723 0.970831 0.000000 0.000000 0.000000 0.000000 1.000000
0.999989 0.002618 0.003896 0.000000 -0.001616 0.971279 -0.237938 13.821900 -0.004407 0.237929 0.971273 -0.000000 0.000000 0.000000 0.000000 1.000000</float_array>
        <technique_common>
          <accessor source="#mixamorig_Spine2-Matrix-animation-output-transform-array" count="33" stride="16">
            <param type="float4x4"/>
          </accessor>
        </technique_common>
      </source>
      <source id="mixamorig_Spine2-Interpolations">
        <Name_array id="mixamorig_Spine2-Interpolations-array" count="33">
 LINEAR LINEAR LINEAR LINEAR LINEAR LINEAR LINEAR LINEAR LINEAR LINEAR LINEAR
LINEAR LINEAR LINEAR LINEAR LINEAR LINEAR LINEAR LINEAR LINEAR LINEAR LINEAR LINEAR
LINEAR LINEAR LINEAR LINEAR LINEAR LINEAR LINEAR LINEAR LINEAR LINEAR</Name_array>
        <technique_common>
          <accessor source="#mixamorig_Spine2-Interpolations-array" count="33">
            <param type="name"/>
          </accessor>
        </technique_common>
      </source>
      <sampler id="mixamorig_Spine2-Matrix-animation-transform">
        <input semantic="INPUT" source="#mixamorig_Spine2-Matrix-animation-input"/>
        <input semantic="OUTPUT" source="#mixamorig_Spine2-Matrix-animation-output-transform"/>
        <input semantic="INTERPOLATION" source="#mixamorig_Spine2-Interpolations"/>
      </sampler>
      <channel source="#mixamorig_Spine2-Matrix-animation-transform" target="mixamorig_Spine2/matrix"/>
    </animation>
    <animation id="mixamorig_Neck-anim" name="mixamorig_Neck">
      <source id="mixamorig_Neck-Matrix-animation-input">
        <float_array id="mixamorig_Neck-Matrix-animation-input-array" count="33">

0.000000 0.033333 0.066667 0.100000 0.133333 0.166667 0.200000 0.233333 0.266667 0.300000 0.333333 0.366667 0.400000 0.433333 0.466667 0.500000
0.533333 0.566667 0.600000 0.633333 0.666667 0.700000 0.733333 0.766667 0.800000 0.833333 0.866667 0.900000 0.933333 0.966667 1.000000 1.033333
1.066667</float_array>
        <technique_common>
          <accessor source="#mixamorig_Neck-Matrix-animation-input-array" count="33">
            <param name="TIME" type="float"/>
          </accessor>
        </technique_common>
      </source>
      <source id="mixamorig_Neck-Matrix-animation-output-transform">
        <float_array id="mixamorig_Neck-Matrix-animation-output-transform-array" count="528">

0.993736 0.041728 -0.103673 -0.000000 -0.029281 0.992486 0.118802 15.549600 0.107851 -0.115022 0.987491 0.000000 0.000000 0.000000 0.000000 1.000000
0.993947 0.047254 -0.099177 -0.000000 -0.033310 0.989896 0.137824 15.549600 0.104688 -0.133687 0.985479 0.000000 0.000000 0.000000 0.000000 1.000000
0.994080 0.057382 -0.092260 -0.000000 -0.042336 0.986615 0.157474 15.549600 0.100061 -0.152636 0.983204 -0.000000 0.000000 0.000000 0.000000 1.000000
0.994199 0.065357 -0.085420 0.000000 -0.050702 0.985209 0.163687 15.549600 0.094854 -0.158406 0.982807 0.000000 0.000000 0.000000 0.000000 1.000000
0.994448 0.067409 -0.080802 0.000000 -0.055186 0.987897 0.144960 15.549600 0.089596 -0.139696 0.986133 0.000000 0.000000 0.000000 0.000000 1.000000
0.994840 0.063849 -0.078850 -0.000000 -0.055739 0.993315 0.101088 15.549600 0.084778 -0.096171 0.991748 0.000000 0.000000 0.000000 0.000000 1.000000
0.995353 0.055629 -0.078594 0.000000 -0.052115 0.997577 0.046078 15.549600 0.080967 -0.041768 0.995841 0.000000 0.000000 0.000000 0.000000 1.000000
0.995968 0.041834 -0.079363 0.000000 -0.041712 0.999125 0.003189 15.549600 0.079427 0.000134 0.996841 0.000000 0.000000 0.000000 0.000000 1.000000
0.996415 0.023036 -0.081401 -0.000000 -0.023540 0.999709 -0.005242 15.549600 0.081257 0.007139 0.996668 0.000000 0.000000 0.000000 0.000000 1.000000
0.996386 0.005235 -0.084784 0.000000 -0.002780 0.999574 0.029045 15.549600 0.084900 -0.028704 0.995976 0.000000 0.000000 0.000000 0.000000 1.000000
0.996086 -0.002702 -0.088349 0.000000 0.010769 0.995796 0.090962 15.549600 0.087732 -0.091558 0.991928 0.000000 0.000000 0.000000 0.000000 1.000000
0.995903 0.003313 -0.090368 -0.000000 0.010214 0.988812 0.148817 15.549600 0.089850 -0.149130 0.984727 0.000000 0.000000 0.000000 0.000000 1.000000
0.995726 0.018114 -0.090562 0.000000 -0.001683 0.983973 0.178312 15.549600 0.092340 -0.177397 0.979798 0.000000 0.000000 0.000000 0.000000 1.000000
0.995365 0.031428 -0.090889 -0.000000 -0.014393 0.983132 0.182331 15.549600 0.095086 -0.180177 0.979027 0.000000 0.000000 0.000000 0.000000 1.000000
0.994918 0.036763 -0.093736 0.000000 -0.018814 0.982441 0.185620 15.549600 0.098914 -0.182913 0.978140 0.000000 0.000000 0.000000 0.000000 1.000000
0.994398 0.035129 -0.099694 0.000000 -0.013698 0.978034 0.207997 15.549600 0.104810 -0.205466 0.973036 -0.000000 0.000000 0.000000 0.000000 1.000000
0.993774 0.029625 -0.107407 0.000000 -0.002660 0.970036 0.242947 15.549600 0.111386 -0.241148 0.964075 0.000000 0.000000 0.000000 0.000000 1.000000
0.993158 0.019028 -0.115218 -0.000000 0.012325 0.964045 0.265453 15.549600 0.116126 -0.265057 0.957214 0.000000 0.000000 0.000000 0.000000 1.000000
0.992468 -0.000563 -0.122504 -0.000000 0.032513 0.965340 0.258964 15.549600 0.118112 -0.260997 0.958087 0.000000 0.000000 0.000000 0.000000 1.000000
0.991143 -0.029098 -0.129571 0.000000 0.058572 0.971455 0.229879 15.549600 0.119184 -0.235432 0.964555 0.000000 0.000000 0.000000 0.000000 1.000000
0.988752 -0.060571 -0.136750 0.000000 0.086944 0.976741 0.196007 15.549600 0.121697 -0.205692 0.971020 -0.000000 0.000000 0.000000 0.000000 1.000000
0.986237 -0.083771 -0.142548 0.000000 0.107314 0.980196 0.166432 15.549600 0.125782 -0.179438 0.975695 -0.000000 0.000000 0.000000 0.000000 1.000000
0.985598 -0.088797 -0.143917 -0.000000 0.107566 0.985877 0.128363 15.549600 0.130486 -0.141995 0.981229 0.000000 0.000000 0.000000 0.000000 1.000000
0.986245 -0.083026 -0.142923 0.000000 0.096144 0.991518 0.087456 15.549600 0.134450 -0.099994 0.985862 0.000000 0.000000 0.000000 0.000000 1.000000
0.988349 -0.063794 -0.138188 -0.000000 0.071889 0.995928 0.054405 15.549600 0.134155 -0.063705 0.988911 0.000000 0.000000 0.000000 0.000000 1.000000
0.991115 -0.032733 -0.128915 0.000000 0.036987 0.998843 0.030744 15.549600 0.127759 -0.035239 0.991179 0.000000 0.000000 0.000000 0.000000 1.000000
0.993170 0.012000 -0.116056 -0.000000 -0.009152 0.999645 0.025038 15.549600 0.116315 -0.023804 0.992927 0.000000 0.000000 0.000000 0.000000 1.000000
0.993339 0.043435 -0.106729 0.000000 -0.036450 0.997117 0.066555 15.549600 0.109312 -0.062221 0.992058 0.000000 0.000000 0.000000 0.000000 1.000000
0.993480 0.044260 -0.105064 0.000000 -0.032381 0.993158 0.112195 15.549600 0.109311 -0.108061 0.988116 0.000000 0.000000 0.000000 0.000000 1.000000
0.993730 0.031116 -0.107387 0.000000 -0.016435 0.990712 0.134982 15.549600 0.110589 -0.132371 0.985012 -0.000000 0.000000 0.000000 0.000000 1.000000
0.993767 0.022332 -0.109216 0.000000 -0.007515 0.990920 0.134241 15.549600 0.111222 -0.132584 0.984912 -0.000000 0.000000 0.000000 0.000000 1.000000
0.993799 0.026615 -0.107963 -0.000000 -0.013075 0.992167 0.124232 15.549600 0.110424 -0.122050 0.986362 -0.000000 0.000000 0.000000 0.000000 1.000000
0.993736 0.041728 -0.103673 0.000000 -0.029281 0.992486 0.118801 15.549600 0.107851 -0.115021 0.987491 0.000000 0.000000 0.000000 0.000000 1.000000</float_array>
        <technique_common>
          <accessor source="#mixamorig_Neck-Matrix-animation-output-transform-array" count="33" stride="16">
            <param type="float4x4"/>
          </accessor>
        </technique_common>
      </source>
      <source id="mixamorig_Neck-Interpolations">
        <Name_array id="mixamorig_Neck-Interpolations-array" count="33">
 LINEAR LINEAR LINEAR LINEAR LINEAR LINEAR LINEAR LINEAR LINEAR LINEAR LINEAR
LINEAR LINEAR LINEAR LINEAR LINEAR LINEAR LINEAR LINEAR LINEAR LINEAR LINEAR LINEAR
LINEAR LINEAR LINEAR LINEAR LINEAR LINEAR LINEAR LINEAR LINEAR LINEAR</Name_array>
        <technique_common>
          <accessor source="#mixamorig_Neck-Interpolations-array" count="33">
            <param type="name"/>
          </accessor>
        </technique_common>
      </source>
      <sampler id="mixamorig_Neck-Matrix-animation-transform">
        <input semantic="INPUT" source="#mixamorig_Neck-Matrix-animation-input"/>
        <input semantic="OUTPUT" source="#mixamorig_Neck-Matrix-animation-output-transform"/>
        <input semantic="INTERPOLATION" source="#mixamorig_Neck-Interpolations"/>
      </sampler>
      <channel source="#mixamorig_Neck-Matrix-animation-transform" target="mixamorig_Neck/matrix"/>
    </animation>
    <animation id="mixamorig_Head-anim" name="mixamorig_Head">
      <source id="mixamorig_Head-Matrix-animation-input">
        <float_array id="mixamorig_Head-Matrix-animation-input-array" count="33">

0.000000 0.033333 0.066667 0.100000 0.133333 0.166667 0.200000 0.233333 0.266667 0.300000 0.333333 0.366667 0.400000 0.433333 0.466667 0.500000
0.533333 0.566667 0.600000 0.633333 0.666667 0.700000 0.733333 0.766667 0.800000 0.833333 0.866667 0.900000 0.933333 0.966667 1.000000 1.033333
1.066667</float_array>
        <technique_common>
          <accessor source="#mixamorig_Head-Matrix-animation-input-array" count="33">
            <param name="TIME" type="float"/>
          </accessor>
        </technique_common>
      </source>
      <source id="mixamorig_Head-Matrix-animation-output-transform">
        <float_array id="mixamorig_Head-Matrix-animation-output-transform-array" count="528">

0.800546 0.072163 -0.594911 0.000000 0.518590 0.414070 0.748071 8.837800 0.300318 -0.907380 0.294059 4.542200 0.000000 0.000000 0.000000 1.000000
0.811915 0.069195 -0.579661 0.000000 0.505881 0.412148 0.757772 8.837800 0.291340 -0.908486 0.299625 4.542200 0.000000 0.000000 0.000000 1.000000
0.814992 0.061724 -0.576175 0.000000 0.501047 0.424433 0.754194 8.837800 0.291100 -0.903353 0.314983 4.542200 0.000000 0.000000 0.000000 1.000000
0.812995 0.051266 -0.580009 -0.000000 0.504558 0.435150 0.745698 8.837800 0.290620 -0.898897 0.327908 4.542200 0.000000 0.000000 0.000000 1.000000
0.809213 0.040765 -0.586100 0.000000 0.514932 0.431111 0.740938 8.837800 0.282878 -0.901378 0.327869 4.542200 0.000000 0.000000 0.000000 1.000000
0.804883 0.033424 -0.592491 -0.000000 0.529542 0.410204 0.742508 8.837800 0.267859 -0.911381 0.312467 4.542200 0.000000 0.000000 0.000000 1.000000
0.799271 0.029633 -0.600240 0.000000 0.545688 0.382652 0.745521 8.837800 0.251776 -0.923417 0.289672 4.542200 0.000000 0.000000 0.000000 1.000000
0.792684 0.027883 -0.608995 -0.000000 0.559258 0.364362 0.744628 8.837800 0.242657 -0.930840 0.273230 4.542200 0.000000 0.000000 0.000000 1.000000
0.787959 0.027331 -0.615121 0.000000 0.564142 0.368234 0.739018 8.837800 0.246707 -0.929331 0.274735 4.542200 0.000000 0.000000 0.000000 1.000000
0.787783 0.026610 -0.615378 0.000000 0.557015 0.395692 0.730180 8.837800 0.262930 -0.917998 0.296897 4.542200 0.000000 0.000000 0.000000 1.000000
0.790811 0.024778 -0.611559 0.000000 0.542786 0.433351 0.719438 8.837800 0.282845 -0.900885 0.329250 4.542200 0.000000 0.000000 0.000000 1.000000
0.791932 0.026117 -0.610050 0.000000 0.531847 0.461311 0.710163 8.837800 0.299970 -0.886854 0.351436 4.542200 0.000000 0.000000 0.000000 1.000000
0.787344 0.035387 -0.615498 0.000000 0.531238 0.467675 0.706446 8.837800 0.312852 -0.883192 0.349423 4.542200 0.000000 0.000000 0.000000 1.000000
0.778829 0.051009 -0.625159 0.000000 0.538423 0.456906 0.708052 8.837800 0.321756 -0.888051 0.328387 4.542200 0.000000 0.000000 0.000000 1.000000
0.770721 0.069823 -0.633336 -0.000000 0.544050 0.445272 0.711156 8.837800 0.331662 -0.892669 0.305193 4.542200 0.000000 0.000000 0.000000 1.000000
0.764710 0.089623 -0.638112 -0.000000 0.542397 0.445105 0.712521 8.837800 0.347885 -0.890982 0.291765 4.542200 0.000000 0.000000 0.000000 1.000000
0.760188 0.106347 -0.640940 0.000000 0.536701 0.453175 0.711748 8.837800 0.366150 -0.885055 0.287422 4.542200 0.000000 0.000000 0.000000 1.000000
0.757516 0.116030 -0.642422 0.000000 0.533953 0.456045 0.711981 8.837800 0.375584 -0.882360 0.283507 4.542200 0.000000 0.000000 0.000000 1.000000
0.758417 0.118147 -0.640972 0.000000 0.536490 0.445285 0.716868 8.837800 0.370111 -0.887560 0.274328 4.542200 0.000000 0.000000 0.000000 1.000000
0.763084 0.116814 -0.635655 0.000000 0.539874 0.425482 0.726292 8.837800 0.355301 -0.897396 0.261614 4.542200 0.000000 0.000000 0.000000 1.000000
0.768669 0.119079 -0.628466 -0.000000 0.539430 0.407333 0.736950 8.837800 0.343750 -0.905483 0.248870 4.542200 0.000000 0.000000 0.000000 1.000000
