<?xml version="1.0" encoding="utf-8"?>
<COLLADA xmlns="http://www.collada.org/2005/11/COLLADASchema" version="1.4.1">
  <asset>
    <contributor>
      <author>Mixamo</author>
      <authoring_tool>COLLADA Mixamo exporter</authoring_tool>
      <comments/>
    </contributor>
    <created>2023-09-21T05:29:01Z</created>
    <modified>2023-09-21T05:29:01Z</modified>
    <revision/>
    <title/>
    <unit meter="0.010000"/>
    <up_axis>Y_UP</up_axis>
  </asset>
  <library_animations>
    <animation id="mixamorig_Hips-anim" name="mixamorig_Hips">
      <source id="mixamorig_Hips-Matrix-animation-input">
        <float_array id="mixamorig_Hips-Matrix-animation-input-array" count="80">

0.000000 0.033333 0.066667 0.100000 0.133333 0.166667 0.200000 0.233333 0.266667 0.300000 0.333333 0.366667 0.400000 0.433333 0.466667 0.500000
0.533333 0.566667 0.600000 0.633333 0.666667 0.700000 0.733333 0.766667 0.800000 0.833333 0.866667 0.900000 0.933333 0.966667 1.000000 1.033333
1.066667 1.100000 1.133333 1.166667 1.200000 1.233333 1.266667 1.300000 1.333333 1.366667 1.400000 1.433333 1.466667 1.500000 1.533333 1.566667
1.600000 1.633333 1.666667 1.700000 1.733333 1.766667 1.800000 1.833333 1.866667 1.900000 1.933333 1.966667 2.000000 2.033333 2.066667 2.100000
2.133333 2.166667 2.200000 2.233333 2.266667 2.300000 2.333333 2.366667 2.400000 2.433333 2.466667 2.500000 2.533333 2.566667 2.600000 2.633333</float_array>
        <technique_common>
          <accessor source="#mixamorig_Hips-Matrix-animation-input-array" count="80">
            <param name="TIME" type="float"/>
          </accessor>
        </technique_common>
      </source>
      <source id="mixamorig_Hips-Matrix-animation-output-transform">
        <float_array id="mixamorig_Hips-Matrix-animation-output-transform-array" count="1280">

0.945602 -0.002430 -0.325317 0.266689 -0.063712 0.979225 -0.192507 88.771004 0.319026 0.202762 0.925802 -0.445469 0.000000 0.000000 0.000000 1.000000
0.947805 0.000091 -0.318852 0.006146 -0.066202 0.978264 -0.196511 89.213692 0.311903 0.207363 0.927209 -0.561881 0.000000 0.000000 0.000000 1.000000
0.949733 0.000163 -0.313060 -0.277284 -0.066165 0.977515 -0.200218 89.615036 0.305988 0.210867 0.928389 -0.698606 0.000000 0.000000 0.000000 1.000000
0.950403 -0.001172 -0.311018 -0.686230 -0.064202 0.977716 -0.199872 89.998238 0.304322 0.209927 0.929149 -0.952195 0.000000 0.000000 0.000000 1.000000
0.947862 -0.004607 -0.318649 -1.226198 -0.059363 0.979842 -0.190750 90.304550 0.313104 0.199721 0.928481 -1.229316 0.000000 0.000000 0.000000 1.000000
0.939823 -0.014033 -0.341373 -1.887357 -0.047179 0.984254 -0.170346 90.443382 0.338388 0.176200 0.924363 -1.412989 0.000000 0.000000 0.000000 1.000000
0.924050 -0.029011 -0.381169 -2.575089 -0.026894 0.989712 -0.140524 90.385727 0.381324 0.140102 0.913763 -1.365894 0.000000 0.000000 0.000000 1.000000
0.900475 -0.044297 -0.432645 -3.178027 0.000024 0.994804 -0.101805 90.126480 0.434907 0.091663 0.895798 -0.980684 0.000000 0.000000 0.000000 1.000000
0.866765 -0.058078 -0.495324 -3.663926 0.029959 0.997466 -0.064530 89.708618 0.497816 0.041093 0.866308 -0.191858 0.000000 0.000000 0.000000 1.000000
0.805001 -0.065366 -0.589662 -4.333542 0.054365 0.997858 -0.036397 89.234940 0.590778 -0.002758 0.806830 0.874115 0.000000 0.000000 0.000000 1.000000
0.724198 -0.074017 -0.685608 -5.113725 0.079841 0.996536 -0.023249 88.953720 0.684955 -0.037903 0.727599 2.370976 0.000000 0.000000 0.000000 1.000000
0.678134 -0.104440 -0.727480 -5.296081 0.109400 0.993168 -0.040604 88.931267 0.726750 -0.052051 0.684927 4.064375 0.000000 0.000000 0.000000 1.000000
0.643164 -0.136920 -0.753387 -5.365990 0.142999 0.988052 -0.057490 89.017776 0.752257 -0.070758 0.655059 5.673559 0.000000 0.000000 0.000000 1.000000
0.608013 -0.158471 -0.777950 -5.437225 0.171651 0.982940 -0.066073 88.930702 0.775149 -0.093363 0.624842 7.050837 0.000000 0.000000 0.000000 1.000000
0.577859 -0.176694 -0.796780 -5.477413 0.196190 0.977729 -0.074536 88.740837 0.792205 -0.113249 0.599655 8.243409 0.000000 0.000000 0.000000 1.000000
0.558507 -0.194995 -0.806255 -5.414238 0.217198 0.972443 -0.084731 88.617271 0.800559 -0.127793 0.585469 9.213079 0.000000 0.000000 0.000000 1.000000
0.546894 -0.210842 -0.810218 -5.283613 0.231149 0.968178 -0.095924 88.466286 0.804660 -0.134820 0.578227 9.880033 0.000000 0.000000 0.000000 1.000000
0.538651 -0.221069 -0.813009 -5.093477 0.233815 0.966283 -0.107835 88.292389 0.809436 -0.132009 0.572178 10.325009 0.000000 0.000000 0.000000 1.000000
0.536969 -0.227218 -0.812426 -4.785601 0.229107 0.966127 -0.118777 88.250275 0.811895 -0.122353 0.570838 10.702607 0.000000 0.000000 0.000000 1.000000
0.545401 -0.231166 -0.805667 -4.327803 0.220874 0.966880 -0.127900 88.318459 0.808549 -0.108194 0.578396 11.044982 0.000000 0.000000 0.000000 1.000000
0.569770 -0.230542 -0.788805 -3.774426 0.207582 0.969094 -0.133294 88.370834 0.795156 -0.087795 0.600016 11.342676 0.000000 0.000000 0.000000 1.000000
0.622152 -0.219785 -0.751413 -3.270524 0.188218 0.973626 -0.128942 88.502510 0.759935 -0.061208 0.647111 11.584688 0.000000 0.000000 0.000000 1.000000
0.705074 -0.196880 -0.681255 -2.932731 0.165951 0.979820 -0.111410 88.906517 0.689442 -0.034502 0.723519 11.739697 0.000000 0.000000 0.000000 1.000000
0.806050 -0.163349 -0.568858 -2.622966 0.138564 0.986530 -0.086944 89.532173 0.575398 -0.008742 0.817827 11.896107 0.000000 0.000000 0.000000 1.000000
0.904038 -0.123294 -0.409284 -2.313230 0.104455 0.992191 -0.068169 90.189018 0.414492 0.018876 0.909857 12.035506 0.000000 0.000000 0.000000 1.000000
0.973684 -0.085923 -0.211084 -2.189939 0.073353 0.995074 -0.066687 91.131584 0.215774 0.049448 0.975190 11.793718 0.000000 0.000000 0.000000 1.000000
0.998424 -0.055493 -0.008383 -2.106540 0.054706 0.995654 -0.075367 92.054718 0.012529 0.074789 0.997121 10.849373 0.000000 0.000000 0.000000 1.000000
0.987113 -0.024899 0.158079 -1.705572 0.039231 0.995330 -0.088203 92.465218 -0.155144 0.093268 0.983479 9.395664 0.000000 0.000000 0.000000 1.000000
0.961931 0.019543 0.272594 -1.153277 0.012170 0.993387 -0.114164 92.241341 -0.273022 0.113136 0.955332 7.686819 0.000000 0.000000 0.000000 1.000000
0.937772 0.070249 0.340071 -0.842993 -0.018969 0.988225 -0.151830 91.633461 -0.346732 0.135931 0.928062 6.061531 0.000000 0.000000 0.000000 1.000000
0.924097 0.097054 0.369629 -1.090007 -0.021450 0.978862 -0.203393 91.145439 -0.381556 0.180026 0.906645 5.078691 0.000000 0.000000 0.000000 1.000000
0.917039 0.103477 0.385138 -1.749716 0.000943 0.965185 -0.261568 90.706207 -0.398795 0.240231 0.885015 4.756588 0.000000 0.000000 0.000000 1.000000
0.903767 0.114727 0.412363 -2.452334 0.018136 0.952279 -0.304690 89.752769 -0.427641 0.282848 0.858557 4.733247 0.000000 0.000000 0.000000 1.000000
0.879310 0.135122 0.456679 -3.091906 0.022702 0.945925 -0.323591 88.215057 -0.475708 0.294905 0.828694 4.863976 0.000000 0.000000 0.000000 1.000000
0.853450 0.158994 0.496330 -3.724103 0.020290 0.941472 -0.336479 86.472061 -0.520779 0.297239 0.800274 5.225795 0.000000 0.000000 0.000000 1.000000
0.836428 0.194394 0.512444 -4.296324 0.005149 0.932158 -0.362016 84.801277 -0.548052 0.305439 0.778682 5.662371 0.000000 0.000000 0.000000 1.000000
0.827355 0.233802 0.510706 -4.804593 -0.014617 0.917902 -0.396537 83.239784 -0.561489 0.320612 0.762849 5.909396 0.000000 0.000000 0.000000 1.000000
0.826454 0.259813 0.499470 -5.244590 -0.028582 0.905371 -0.423658 82.022972 -0.562278 0.335858 0.755674 5.949472 0.000000 0.000000 0.000000 1.000000
0.835696 0.265166 0.480935 -5.495428 -0.038024 0.901549 -0.431002 81.363983 -0.547874 0.341900 0.763504 5.842584 0.000000 0.000000 0.000000 1.000000
0.854410 0.250005 0.455500 -5.538146 -0.039528 0.905372 -0.422776 81.424934 -0.518093 0.343220 0.783441 5.526724 0.000000 0.000000 0.000000 1.000000
0.878296 0.224595 0.422081 -5.461905 -0.034619 0.910356 -0.412376 81.943512 -0.476862 0.347576 0.807337 4.946179 0.000000 0.000000 0.000000 1.000000
0.905311 0.196498 0.376564 -5.398380 -0.035054 0.918096 -0.394805 82.472160 -0.423300 0.344221 0.838051 4.076269 0.000000 0.000000 0.000000 1.000000
0.931526 0.175168 0.318710 -5.554953 -0.048916 0.928744 -0.367481 82.866486 -0.360371 0.326728 0.873717 2.952519 0.000000 0.000000 0.000000 1.000000
0.953773 0.158904 0.255081 -5.901205 -0.067425 0.940284 -0.333646 83.363556 -0.292866 0.301024 0.907532 1.767252 0.000000 0.000000 0.000000 1.000000
0.973781 0.134734 0.183298 -5.962515 -0.076047 0.952187 -0.295901 84.146477 -0.214402 0.274203 0.937467 0.740441 0.000000 0.000000 0.000000 1.000000
0.988861 0.108980 0.101377 -5.956447 -0.079024 0.961586 -0.262883 85.073311 -0.126131 0.251944 0.959487 -0.180590 0.000000 0.000000 0.000000 1.000000
0.996245 0.085002 0.016478 -6.434051 -0.078673 0.968143 -0.237719 86.035370 -0.036159 0.235530 0.971194 -1.193089 0.000000 0.000000 0.000000 1.000000
0.995457 0.067045 -0.067602 -7.028972 -0.080075 0.973657 -0.213495 87.057144 0.051508 0.217939 0.974602 -2.124622 0.000000 0.000000 0.000000 1.000000
0.987948 0.053399 -0.145281 -7.555289 -0.080200 0.979385 -0.185398 87.999596 0.132386 0.194815 0.971865 -2.917126 0.000000 0.000000 0.000000 1.000000
0.975709 0.039965 -0.215394 -8.113248 -0.075243 0.984541 -0.158167 88.862740 0.205743 0.170531 0.963633 -3.603839 0.000000 0.000000 0.000000 1.000000
0.961158 0.022584 -0.275072 -8.726282 -0.062092 0.988792 -0.135779 89.701080 0.268922 0.147585 0.951788 -4.203272 0.000000 0.000000 0.000000 1.000000
0.946073 0.004328 -0.323925 -9.180570 -0.045060 0.991949 -0.118352 90.349594 0.320805 0.126566 0.938651 -4.577167 0.000000 0.000000 0.000000 1.000000
0.930764 -0.012405 -0.365410 -9.374463 -0.028091 0.994044 -0.105298 90.714569 0.364540 0.108273 0.924872 -4.683314 0.000000 0.000000 0.000000 1.000000
0.914860 -0.028169 -0.402788 -9.449278 -0.011529 0.995334 -0.095794 90.907784 0.403607 0.092282 0.910267 -4.637804 0.000000 0.000000 0.000000 1.000000
0.898666 -0.041297 -0.436686 -9.482028 0.002936 0.996102 -0.088158 91.033745 0.438625 0.077943 0.895284 -4.477123 0.000000 0.000000 0.000000 1.000000
0.883607 -0.052636 -0.465261 -9.498623 0.015505 0.996406 -0.083279 91.124443 0.467972 0.066372 0.881248 -4.263391 0.000000 0.000000 0.000000 1.000000
0.869974 -0.063306 -0.489016 -9.455954 0.026566 0.996302 -0.081715 91.114227 0.492381 0.058099 0.868439 -4.070929 0.000000 0.000000 0.000000 1.000000
0.857249 -0.072265 -0.509805 -9.271011 0.036228 0.996114 -0.080281 91.019379 0.513625 0.050352 0.856536 -3.889332 0.000000 0.000000 0.000000 1.000000
0.847097 -0.079031 -0.525529 -8.958777 0.042747 0.995809 -0.080851 90.900787 0.529716 0.046024 0.846925 -3.698376 0.000000 0.000000 0.000000 1.000000
0.840312 -0.084398 -0.535493 -8.567686 0.044774 0.995237 -0.086597 90.707870 0.540251 0.048792 0.840088 -3.498221 0.000000 0.000000 0.000000 1.000000
0.836853 -0.089140 -0.540121 -8.100787 0.044064 0.994421 -0.095845 90.452629 0.545651 0.056408 0.836112 -3.284345 0.000000 0.000000 0.000000 1.000000
0.838186 -0.092931 -0.537409 -7.559124 0.041953 0.993443 -0.106358 90.201439 0.543769 0.066601 0.836588 -3.073374 0.000000 0.000000 0.000000 1.000000
0.844428 -0.095012 -0.527175 -6.946768 0.038664 0.992388 -0.116925 89.950150 0.534271 0.078352 0.841674 -2.863661 0.000000 0.000000 0.000000 1.000000
0.852905 -0.095514 -0.513254 -6.285663 0.033793 0.991160 -0.128295 89.694862 0.520971 0.092079 0.848593 -2.651323 0.000000 0.000000 0.000000 1.000000
0.862089 -0.095481 -0.497681 -5.629274 0.027075 0.989365 -0.142912 89.445465 0.506033 0.109728 0.855506 -2.477717 0.000000 0.000000 0.000000 1.000000
0.872272 -0.095175 -0.479669 -4.988021 0.020633 0.987168 -0.158349 89.178009 0.488585 0.128227 0.863043 -2.315226 0.000000 0.000000 0.000000 1.000000
0.882428 -0.092516 -0.461262 -4.284733 0.014090 0.985230 -0.170655 88.911545 0.470237 0.144092 0.870698 -2.093377 0.000000 0.000000 0.000000 1.000000
0.891905 -0.085725 -0.444023 -3.519725 0.005308 0.983785 -0.179273 88.670586 0.452192 0.157538 0.877898 -1.827177 0.000000 0.000000 0.000000 1.000000
0.901059 -0.076508 -0.426894 -2.786777 -0.003673 0.982935 -0.183914 88.385651 0.433680 0.167286 0.885402 -1.533147 0.000000 0.000000 0.000000 1.000000
0.909316 -0.067697 -0.410562 -2.096713 -0.010739 0.982530 -0.185793 88.088356 0.415967 0.173354 0.892704 -1.206880 0.000000 0.000000 0.000000 1.000000
0.916495 -0.060055 -0.395512 -1.378474 -0.015935 0.982403 -0.186093 87.922485 0.399728 0.176856 0.899411 -0.847891 0.000000 0.000000 0.000000 1.000000
0.922708 -0.052735 -0.381876 -0.694085 -0.020579 0.982449 -0.185395 87.822815 0.384950 0.178924 0.905428 -0.481959 0.000000 0.000000 0.000000 1.000000
0.927900 -0.045871 -0.369997 -0.164055 -0.024495 0.982758 -0.183268 87.698639 0.372024 0.179117 0.910777 -0.162861 0.000000 0.000000 0.000000 1.000000
0.932571 -0.041282 -0.358618 0.243881 -0.026548 0.982906 -0.182183 87.619812 0.360009 0.179419 0.915534 0.060710 0.000000 0.000000 0.000000 1.000000
0.936539 -0.038100 -0.348487 0.537361 -0.027853 0.982847 -0.182307 87.538734 0.349456 0.180444 0.919413 0.159352 0.000000 0.000000 0.000000 1.000000
0.939158 -0.033868 -0.341811 0.742957 -0.030805 0.982812 -0.182021 87.542862 0.342100 0.181476 0.921973 0.151307 0.000000 0.000000 0.000000 1.000000
0.940507 -0.030083 -0.338439 0.799690 -0.035116 0.982133 -0.184885 87.701012 0.337954 0.185770 0.922647 0.032887 0.000000 0.000000 0.000000 1.000000
0.942834 -0.021035 -0.332597 0.719926 -0.045298 0.980655 -0.190429 87.938980 0.330169 0.194609 0.923643 -0.117187 0.000000 0.000000 0.000000 1.000000
0.944425 -0.011490 -0.328527 0.510293 -0.054897 0.979842 -0.192081 88.304390 0.324112 0.199441 0.924757 -0.294822 0.000000 0.000000 0.000000 1.000000
0.945602 -0.002429 -0.325317 0.266704 -0.063713 0.979225 -0.192507 88.770996 0.319026 0.202762 0.925802 -0.445525 0.000000 0.000000 0.000000 1.000000</float_array>
        <technique_common>
          <accessor source="#mixamorig_Hips-Matrix-animation-output-transform-array" count="80" stride="16">
            <param type="float4x4"/>
          </accessor>
        </technique_common>
      </source>
      <source id="mixamorig_Hips-Interpolations">
        <Name_array id="mixamorig_Hips-Interpolations-array" count="80">
 LINEAR LINEAR LINEAR LINEAR LINEAR LINEAR LINEAR LINEAR LINEAR LINEAR LINEAR
LINEAR LINEAR LINEAR LINEAR LINEAR LINEAR LINEAR LINEAR LINEAR LINEAR LINEAR LINEAR
LINEAR LINEAR LINEAR LINEAR LINEAR LINEAR LINEAR LINEAR LINEAR LINEAR LINEAR LINEAR
LINEAR LINEAR LINEAR LINEAR LINEAR LINEAR LINEAR LINEAR LINEAR LINEAR LINEAR LINEAR
LINEAR LINEAR LINEAR LINEAR LINEAR LINEAR LINEAR LINEAR LINEAR LINEAR LINEAR LINEAR
LINEAR LINEAR LINEAR LINEAR LINEAR LINEAR LINEAR LINEAR LINEAR LINEAR LINEAR LINEAR
LINEAR LINEAR LINEAR LINEAR LINEAR LINEAR LINEAR LINEAR LINEAR</Name_array>
        <technique_common>
          <accessor source="#mixamorig_Hips-Interpolations-array" count="80">
            <param type="name"/>
          </accessor>
        </technique_common>
      </source>
      <sampler id="mixamorig_Hips-Matrix-animation-transform">
        <input semantic="INPUT" source="#mixamorig_Hips-Matrix-animation-input"/>
        <input semantic="OUTPUT" source="#mixamorig_Hips-Matrix-animation-output-transform"/>
        <input semantic="INTERPOLATION" source="#mixamorig_Hips-Interpolations"/>
      </sampler>
      <channel source="#mixamorig_Hips-Matrix-animation-transform" target="mixamorig_Hips/matrix"/>
    </animation>
    <animation id="mixamorig_Spine-anim" name="mixamorig_Spine">
      <source id="mixamorig_Spine-Matrix-animation-input">
        <float_array id="mixamorig_Spine-Matrix-animation-input-array" count="80">

0.000000 0.033333 0.066667 0.100000 0.133333 0.166667 0.200000 0.233333 0.266667 0.300000 0.333333 0.366667 0.400000 0.433333 0.466667 0.500000
0.533333 0.566667 0.600000 0.633333 0.666667 0.700000 0.733333 0.766667 0.800000 0.833333 0.866667 0.900000 0.933333 0.966667 1.000000 1.033333
1.066667 1.100000 1.133333 1.166667 1.200000 1.233333 1.266667 1.300000 1.333333 1.366667 1.400000 1.433333 1.466667 1.500000 1.533333 1.566667
1.600000 1.633333 1.666667 1.700000 1.733333 1.766667 1.800000 1.833333 1.866667 1.900000 1.933333 1.966667 2.000000 2.033333 2.066667 2.100000
2.133333 2.166667 2.200000 2.233333 2.266667 2.300000 2.333333 2.366667 2.400000 2.433333 2.466667 2.500000 2.533333 2.566667 2.600000 2.633333</float_array>
        <technique_common>
          <accessor source="#mixamorig_Spine-Matrix-animation-input-array" count="80">
            <param name="TIME" type="float"/>
          </accessor>
        </technique_common>
      </source>
      <source id="mixamorig_Spine-Matrix-animation-output-transform">
        <float_array id="mixamorig_Spine-Matrix-animation-output-transform-array" count="1280">

0.999326 -0.033408 -0.015223 0.000000 0.035190 0.989827 0.137855 10.198500 0.010463 -0.138297 0.990335 -1.858500 0.000000 0.000000 0.000000 1.000000
0.999432 -0.032145 -0.010116 0.000000 0.033248 0.989538 0.140388 10.198500 0.005497 -0.140644 0.990045 -1.858500 0.000000 0.000000 0.000000 1.000000
0.999494 -0.031708 -0.002518 -0.000000 0.031740 0.989061 0.144053 10.198500 -0.002078 -0.144060 0.989567 -1.858500 0.000000 0.000000 0.000000 1.000000
0.999396 -0.034028 0.007074 0.000000 0.032596 0.988297 0.149018 10.198500 -0.012062 -0.148698 0.988809 -1.858500 0.000000 0.000000 0.000000 1.000000
0.999107 -0.040383 0.012436 0.000000 0.037936 0.986890 0.156871 10.198500 -0.018608 -0.156259 0.987541 -1.858500 0.000000 0.000000 0.000000 1.000000
0.998717 -0.049883 0.008754 0.000000 0.047670 0.984266 0.170141 10.198500 -0.017103 -0.169505 0.985381 -1.858500 0.000000 0.000000 0.000000 1.000000
0.998355 -0.057087 0.005286 0.000000 0.055049 0.980289 0.189746 10.198500 -0.016013 -0.189143 0.981819 -1.858500 0.000000 0.000000 0.000000 1.000000
0.998179 -0.060317 -0.001141 0.000000 0.059215 0.975972 0.209695 10.198500 -0.011534 -0.209380 0.977766 -1.858500 0.000000 0.000000 0.000000 1.000000
0.997687 -0.062876 -0.025845 -0.000000 0.067145 0.970849 0.230095 10.198500 0.010624 -0.231298 0.972825 -1.858500 0.000000 0.000000 0.000000 1.000000
0.995927 -0.067492 -0.059788 0.000000 0.080596 0.963654 0.254706 10.198500 0.040425 -0.258487 0.965169 -1.858500 0.000000 0.000000 0.000000 1.000000
0.991861 -0.078048 -0.100596 -0.000000 0.103519 0.954324 0.280268 10.198500 0.074127 -0.288401 0.954636 -1.858500 0.000000 0.000000 0.000000 1.000000
0.986757 -0.087112 -0.136831 -0.000000 0.124547 0.947324 0.295067 10.198500 0.103920 -0.308201 0.945628 -1.858500 0.000000 0.000000 0.000000 1.000000
0.982572 -0.094371 -0.160148 0.000000 0.139998 0.942467 0.303572 10.198500 0.122285 -0.320702 0.939253 -1.858500 0.000000 0.000000 0.000000 1.000000
0.978996 -0.097606 -0.178995 0.000000 0.149471 0.940693 0.304557 10.198500 0.138653 -0.324915 0.935524 -1.858500 0.000000 0.000000 0.000000 1.000000
0.974422 -0.101991 -0.200250 0.000000 0.160064 0.940452 0.299882 10.198500 0.157741 -0.324264 0.932722 -1.858500 0.000000 0.000000 0.000000 1.000000
0.969096 -0.110937 -0.220332 0.000000 0.173901 0.940716 0.291226 10.198500 0.174962 -0.320542 0.930936 -1.858500 0.000000 0.000000 0.000000 1.000000
0.964615 -0.113508 -0.237978 0.000000 0.180969 0.941442 0.284496 10.198500 0.191750 -0.317496 0.928670 -1.858500 0.000000 0.000000 0.000000 1.000000
0.961562 -0.109240 -0.251922 -0.000000 0.180659 0.942604 0.280822 10.198500 0.206786 -0.315539 0.926107 -1.858500 0.000000 0.000000 0.000000 1.000000
0.959771 -0.108312 -0.259052 -0.000000 0.181464 0.943314 0.277903 10.198500 0.214267 -0.313732 0.925020 -1.858500 0.000000 0.000000 0.000000 1.000000
0.959333 -0.109755 -0.260064 0.000000 0.182926 0.943402 0.276642 10.198500 0.214982 -0.312964 0.925114 -1.858500 0.000000 0.000000 0.000000 1.000000
0.959780 -0.109072 -0.258699 0.000000 0.182196 0.943041 0.278349 10.198500 0.213603 -0.314288 0.924985 -1.858500 0.000000 0.000000 0.000000 1.000000
0.960753 -0.107335 -0.255797 0.000000 0.180686 0.941812 0.283448 10.198500 0.210489 -0.318543 0.924243 -1.858500 0.000000 0.000000 0.000000 1.000000
0.962848 -0.100420 -0.250678 0.000000 0.174377 0.940009 0.293216 10.198500 0.206195 -0.326034 0.922597 -1.858500 0.000000 0.000000 0.000000 1.000000
0.966430 -0.090092 -0.240617 0.000000 0.163137 0.938674 0.303772 10.198500 0.198494 -0.332828 0.921860 -1.858500 0.000000 0.000000 0.000000 1.000000
0.974489 -0.079914 -0.209727 0.000000 0.144243 0.938918 0.312452 10.198500 0.171947 -0.334733 0.926492 -1.858500 0.000000 0.000000 0.000000 1.000000
0.986204 -0.062212 -0.153401 0.000000 0.109220 0.940904 0.320578 10.198500 0.124392 -0.332909 0.934718 -1.858500 0.000000 0.000000 0.000000 1.000000
0.995684 -0.041618 -0.082954 0.000000 0.065857 0.946622 0.315548 10.198500 0.065393 -0.319649 0.945277 -1.858500 0.000000 0.000000 0.000000 1.000000
0.999214 -0.038542 -0.009219 0.000000 0.039554 0.955643 0.291859 10.198500 -0.002439 -0.291994 0.956417 -1.858500 0.000000 0.000000 0.000000 1.000000
0.996683 -0.063335 0.051110 -0.000000 0.047280 0.961755 0.269799 10.198500 -0.066243 -0.266487 0.961559 -1.858500 0.000000 0.000000 0.000000 1.000000
0.989568 -0.109432 0.093703 -0.000000 0.081634 0.961833 0.261175 10.198500 -0.118708 -0.250801 0.960733 -1.858500 0.000000 0.000000 0.000000 1.000000
0.981100 -0.144585 0.128599 0.000000 0.108869 0.961879 0.250872 10.198500 -0.159969 -0.232130 0.959440 -1.858500 0.000000 0.000000 0.000000 1.000000
0.976339 -0.148088 0.157582 0.000000 0.109090 0.966490 0.232371 10.198500 -0.186713 -0.209682 0.959777 -1.858500 0.000000 0.000000 0.000000 1.000000
0.971495 -0.150681 0.183012 -0.000000 0.110384 0.970734 0.213286 10.198500 -0.209794 -0.187004 0.959696 -1.858500 0.000000 0.000000 0.000000 1.000000
0.959846 -0.168727 0.224112 0.000000 0.125324 0.972656 0.195536 10.198500 -0.250976 -0.159598 0.954746 -1.858500 0.000000 0.000000 0.000000 1.000000
0.951408 -0.179524 0.250187 0.000000 0.139821 0.975744 0.168444 10.198500 -0.274358 -0.125278 0.953432 -1.858500 0.000000 0.000000 0.000000 1.000000
0.959830 -0.165160 0.226822 0.000000 0.139530 0.982318 0.124831 10.198500 -0.243429 -0.088168 0.965903 -1.858500 0.000000 0.000000 0.000000 1.000000
0.972831 -0.137429 0.186312 -0.000000 0.124379 0.988999 0.080069 10.198500 -0.195266 -0.054720 0.979223 -1.858500 0.000000 0.000000 0.000000 1.000000
0.983735 -0.105460 0.145408 0.000000 0.100524 0.994093 0.040905 10.198500 -0.148863 -0.025623 0.988526 -1.858500 0.000000 0.000000 0.000000 1.000000
0.993237 -0.067702 0.094324 0.000000 0.067489 0.997705 0.005450 10.198500 -0.094477 0.000953 0.995527 -1.858500 0.000000 0.000000 0.000000 1.000000
0.998359 -0.030806 0.048271 0.000000 0.031597 0.999377 -0.015710 10.198500 -0.047757 0.017210 0.998711 -1.858500 0.000000 0.000000 0.000000 1.000000
0.999711 -0.006479 0.023156 0.000000 0.006818 0.999870 -0.014591 10.198500 -0.023058 0.014745 0.999625 -1.858500 0.000000 0.000000 0.000000 1.000000
0.999898 0.005110 0.013373 0.000000 -0.005139 0.999985 0.002137 10.198500 -0.013362 -0.002206 0.999908 -1.858500 0.000000 0.000000 0.000000 1.000000
0.999959 0.006373 0.006402 0.000000 -0.006545 0.999610 0.027141 10.198500 -0.006227 -0.027182 0.999611 -1.858500 0.000000 0.000000 0.000000 1.000000
0.999997 -0.000401 0.002575 0.000000 0.000265 0.998628 0.052366 10.198500 -0.002592 -0.052365 0.998625 -1.858500 0.000000 0.000000 0.000000 1.000000
0.999866 -0.009371 0.013400 0.000000 0.008393 0.997423 0.071249 10.198500 -0.014033 -0.071127 0.997369 -1.858500 0.000000 0.000000 0.000000 1.000000
0.999464 -0.016926 0.028031 0.000000 0.014351 0.995870 0.089648 10.198500 -0.029433 -0.089198 0.995579 -1.858500 0.000000 0.000000 0.000000 1.000000
0.999583 -0.015667 0.024257 -0.000000 0.012982 0.994161 0.107123 10.198500 -0.025793 -0.106763 0.993950 -1.858500 0.000000 0.000000 0.000000 1.000000
0.999803 -0.019406 0.004258 -0.000000 0.018749 0.992479 0.120975 10.198500 -0.006573 -0.120871 0.992646 -1.858500 0.000000 0.000000 0.000000 1.000000
0.999412 -0.028694 -0.018755 0.000000 0.030916 0.990828 0.131546 10.198500 0.014808 -0.132049 0.991133 -1.858500 0.000000 0.000000 0.000000 1.000000
0.998680 -0.033419 -0.038993 0.000000 0.038510 0.989665 0.138133 10.198500 0.033974 -0.139452 0.989646 -1.858500 0.000000 0.000000 0.000000 1.000000
0.998023 -0.029643 -0.055420 0.000000 0.037328 0.988988 0.143210 10.198500 0.050565 -0.144995 0.988139 -1.858500 0.000000 0.000000 0.000000 1.000000
0.997278 -0.028058 -0.068180 -0.000000 0.037946 0.988204 0.148369 10.198500 0.063213 -0.150552 0.986579 -1.858500 0.000000 0.000000 0.000000 1.000000
0.996423 -0.033717 -0.077484 0.000000 0.045330 0.987127 0.153380 10.198500 0.071315 -0.156343 0.985125 -1.858500 0.000000 0.000000 0.000000 1.000000
0.995590 -0.040911 -0.084421 0.000000 0.053974 0.985838 0.158780 10.198500 0.076730 -0.162637 0.983698 -1.858500 0.000000 0.000000 0.000000 1.000000
0.994575 -0.048200 -0.092183 0.000000 0.062918 0.984436 0.164095 10.198500 0.082839 -0.169004 0.982128 -1.858500 0.000000 0.000000 0.000000 1.000000
0.993425 -0.053985 -0.100957 0.000000 0.070619 0.983043 0.169229 10.198500 0.090110 -0.175246 0.980392 -1.858500 0.000000 0.000000 0.000000 1.000000
0.992606 -0.057798 -0.106735 0.000000 0.075882 0.981813 0.174025 10.198500 0.094736 -0.180837 0.978940 -1.858500 0.000000 0.000000 0.000000 1.000000
0.992331 -0.059979 -0.108080 0.000000 0.078549 0.981123 0.176716 10.198500 0.095441 -0.183850 0.978310 -1.858500 0.000000 0.000000 0.000000 1.000000
0.992326 -0.060843 -0.107643 0.000000 0.079382 0.980944 0.177335 10.198500 0.094802 -0.184519 0.978246 -1.858500 0.000000 0.000000 0.000000 1.000000
0.992279 -0.063061 -0.106796 -0.000000 0.081378 0.980853 0.176930 10.198500 0.093594 -0.184254 0.978412 -1.858500 0.000000 0.000000 0.000000 1.000000
0.992122 -0.066884 -0.105926 -0.000000 0.084922 0.980691 0.176164 10.198500 0.092098 -0.183772 0.978645 -1.858500 0.000000 0.000000 0.000000 1.000000
0.992089 -0.070063 -0.104164 0.000000 0.087674 0.980571 0.175479 10.198500 0.089845 -0.183223 0.978957 -1.858500 0.000000 0.000000 0.000000 1.000000
0.992232 -0.072861 -0.100831 0.000000 0.089747 0.980537 0.174620 10.198500 0.086145 -0.182313 0.979460 -1.858500 0.000000 0.000000 0.000000 1.000000
0.992393 -0.076082 -0.096785 -0.000000 0.092063 0.980586 0.173136 10.198500 0.081733 -0.180730 0.980131 -1.858500 0.000000 0.000000 0.000000 1.000000
0.992603 -0.077855 -0.093150 0.000000 0.093105 0.980593 0.172539 10.198500 0.077909 -0.179936 0.980588 -1.858500 0.000000 0.000000 0.000000 1.000000
0.993028 -0.076430 -0.089741 0.000000 0.091141 0.980637 0.173336 10.198500 0.074755 -0.180306 0.980766 -1.858500 0.000000 0.000000 0.000000 1.000000
0.993252 -0.075616 -0.087931 0.000000 0.089939 0.980912 0.172405 10.198500 0.073216 -0.179150 0.981094 -1.858500 0.000000 0.000000 0.000000 1.000000
0.993305 -0.077213 -0.085924 0.000000 0.090925 0.981372 0.169240 10.198500 0.071256 -0.175919 0.981822 -1.858500 0.000000 0.000000 0.000000 1.000000
0.993858 -0.076934 -0.079546 0.000000 0.089269 0.982175 0.165416 10.198500 0.065403 -0.171501 0.983011 -1.858500 0.000000 0.000000 0.000000 1.000000
0.994754 -0.074034 -0.070599 0.000000 0.084651 0.983200 0.161714 10.198500 0.057441 -0.166842 0.984309 -1.858500 0.000000 0.000000 0.000000 1.000000
0.995458 -0.072701 -0.061472 0.000000 0.081589 0.984178 0.157280 10.198500 0.049065 -0.161581 0.985639 -1.858500 0.000000 0.000000 0.000000 1.000000
0.995950 -0.072803 -0.052763 -0.000000 0.080079 0.985080 0.152333 10.198500 0.040886 -0.155941 0.986920 -1.858500 0.000000 0.000000 0.000000 1.000000
0.996528 -0.070443 -0.044374 0.000000 0.076278 0.986104 0.147581 10.198500 0.033361 -0.150454 0.988054 -1.858500 0.000000 0.000000 0.000000 1.000000
0.997100 -0.065416 -0.038894 0.000000 0.070350 0.987201 0.143128 10.198500 0.029033 -0.145449 0.988940 -1.858500 0.000000 0.000000 0.000000 1.000000
0.997588 -0.058991 -0.036589 0.000000 0.063541 0.988234 0.139130 10.198500 0.027951 -0.141119 0.989598 -1.858500 0.000000 0.000000 0.000000 1.000000
0.997934 -0.054101 -0.034662 0.000000 0.058328 0.989054 0.135534 10.198500 0.026950 -0.137276 0.990166 -1.858500 0.000000 0.000000 0.000000 1.000000
0.998226 -0.050752 -0.031117 0.000000 0.054493 0.989438 0.134327 10.198500 0.023971 -0.135784 0.990448 -1.858500 0.000000 0.000000 0.000000 1.000000
0.998745 -0.043935 -0.024039 0.000000 0.046812 0.989552 0.136362 10.198500 0.017797 -0.137316 0.990367 -1.858500 0.000000 0.000000 0.000000 1.000000
0.999112 -0.037608 -0.019019 0.000000 0.039866 0.989748 0.137149 10.198500 0.013666 -0.137785 0.990368 -1.858500 0.000000 0.000000 0.000000 1.000000
0.999326 -0.033408 -0.015223 0.000000 0.035190 0.989827 0.137855 10.198500 0.010463 -0.138297 0.990335 -1.858500 0.000000 0.000000 0.000000 1.000000</float_array>
        <technique_common>
          <accessor source="#mixamorig_Spine-Matrix-animation-output-transform-array" count="80" stride="16">
            <param type="float4x4"/>
          </accessor>
        </technique_common>
      </source>
      <source id="mixamorig_Spine-Interpolations">
        <Name_array id="mixamorig_Spine-Interpolations-array" count="80">
 LINEAR LINEAR LINEAR LINEAR LINEAR LINEAR LINEAR LINEAR LINEAR LINEAR LINEAR
LINEAR LINEAR LINEAR LINEAR LINEAR LINEAR LINEAR LINEAR LINEAR LINEAR LINEAR LINEAR
LINEAR LINEAR LINEAR LINEAR LINEAR LINEAR LINEAR LINEAR LINEAR LINEAR LINEAR LINEAR
LINEAR LINEAR LINEAR LINEAR LINEAR LINEAR LINEAR LINEAR LINEAR LINEAR LINEAR LINEAR
LINEAR LINEAR LINEAR LINEAR LINEAR LINEAR LINEAR LINEAR LINEAR LINEAR LINEAR LINEAR
LINEAR LINEAR LINEAR LINEAR LINEAR LINEAR LINEAR LINEAR LINEAR LINEAR LINEAR LINEAR
LINEAR LINEAR LINEAR LINEAR LINEAR LINEAR LINEAR LINEAR LINEAR</Name_array>
        <technique_common>
          <accessor source="#mixamorig_Spine-Interpolations-array" count="80">
            <param type="name"/>
          </accessor>
        </technique_common>
      </source>
      <sampler id="mixamorig_Spine-Matrix-animation-transform">
        <input semantic="INPUT" source="#mixamorig_Spine-Matrix-animation-input"/>
        <input semantic="OUTPUT" source="#mixamorig_Spine-Matrix-animation-output-transform"/>
        <input semantic="INTERPOLATION" source="#mixamorig_Spine-Interpolations"/>
      </sampler>
      <channel source="#mixamorig_Spine-Matrix-animation-transform" target="mixamorig_Spine/matrix"/>
    </animation>
    <animation id="mixamorig_Spine1-anim" name="mixamorig_Spine1">
      <source id="mixamorig_Spine1-Matrix-animation-input">
        <float_array id="mixamorig_Spine1-Matrix-animation-input-array" count="80">

0.000000 0.033333 0.066667 0.100000 0.133333 0.166667 0.200000 0.233333 0.266667 0.300000 0.333333 0.366667 0.400000 0.433333 0.466667 0.500000
0.533333 0.566667 0.600000 0.633333 0.666667 0.700000 0.733333 0.766667 0.800000 0.833333 0.866667 0.900000 0.933333 0.966667 1.000000 1.033333
1.066667 1.100000 1.133333 1.166667 1.200000 1.233333 1.266667 1.300000 1.333333 1.366667 1.400000 1.433333 1.466667 1.500000 1.533333 1.566667
1.600000 1.633333 1.666667 1.700000 1.733333 1.766667 1.800000 1.833333 1.866667 1.900000 1.933333 1.966667 2.000000 2.033333 2.066667 2.100000
2.133333 2.166667 2.200000 2.233333 2.266667 2.300000 2.333333 2.366667 2.400000 2.433333 2.466667 2.500000 2.533333 2.566667 2.600000 2.633333</float_array>
        <technique_common>
          <accessor source="#mixamorig_Spine1-Matrix-animation-input-array" count="80">
            <param name="TIME" type="float"/>
          </accessor>
        </technique_common>
      </source>
      <source id="mixamorig_Spine1-Matrix-animation-output-transform">
        <float_array id="mixamorig_Spine1-Matrix-animation-output-transform-array" count="1280">

0.999458 -0.021690 -0.024764 -0.000000 0.018293 0.991348 -0.129975 12.094200 0.027368 0.129452 0.991208 -0.000000 0.000000 0.000000 0.000000 1.000000
0.999571 -0.020459 -0.020949 0.000000 0.017622 0.991665 -0.127633 12.094200 0.023386 0.127209 0.991600 0.000000 0.000000 0.000000 0.000000 1.000000
0.999693 -0.019570 -0.015189 0.000000 0.017537 0.992116 -0.124088 12.094200 0.017497 0.123784 0.992155 0.000000 0.000000 0.000000 0.000000 1.000000
0.999778 -0.019529 -0.007941 0.000000 0.018442 0.992680 -0.119356 12.094200 0.010214 0.119183 0.992820 -0.000000 0.000000 0.000000 0.000000 1.000000
0.999753 -0.021906 -0.003725 0.000000 0.021347 0.993406 -0.112646 12.094200 0.006168 0.112538 0.993628 0.000000 0.000000 0.000000 0.000000 1.000000
0.999599 -0.027698 -0.005966 0.000000 0.026942 0.994373 -0.102453 12.094200 0.008770 0.102251 0.994720 0.000000 0.000000 0.000000 0.000000 1.000000
0.999413 -0.033326 -0.007943 -0.000000 0.032506 0.995639 -0.087443 12.094200 0.010822 0.087133 0.996138 0.000000 0.000000 0.000000 0.000000 1.000000
0.999202 -0.038023 -0.012241 0.000000 0.037034 0.996655 -0.072851 12.094200 0.014971 0.072339 0.997268 0.000000 0.000000 0.000000 0.000000 1.000000
0.998507 -0.045275 -0.030552 -0.000000 0.043386 0.997262 -0.059886 12.094200 0.033180 0.058471 0.997738 0.000000 0.000000 0.000000 0.000000 1.000000
0.996840 -0.056097 -0.056247 0.000000 0.053664 0.997595 -0.043871 12.094200 0.058573 0.040714 0.997453 -0.000000 0.000000 0.000000 0.000000 1.000000
0.993784 -0.069764 -0.086753 -0.000000 0.067868 0.997390 -0.024628 12.094200 0.088245 0.018587 0.995925 -0.000000 0.000000 0.000000 0.000000 1.000000
0.990413 -0.078941 -0.113358 0.000000 0.078278 0.996878 -0.010301 12.094200 0.113818 0.001329 0.993501 -0.000000 0.000000 0.000000 0.000000 1.000000
0.987881 -0.084607 -0.130123 0.000000 0.085276 0.996357 -0.000426 12.094200 0.129685 -0.010676 0.991498 0.000000 0.000000 0.000000 0.000000 1.000000
0.985706 -0.087888 -0.143730 0.000000 0.089097 0.996021 0.001979 12.094200 0.142985 -0.014756 0.989615 -0.000000 0.000000 0.000000 0.000000 1.000000
0.982908 -0.092799 -0.158997 -0.000000 0.093980 0.995574 -0.000090 12.094200 0.158302 -0.014854 0.987279 0.000000 0.000000 0.000000 0.000000 1.000000
0.979912 -0.099238 -0.172985 -0.000000 0.100059 0.994973 -0.003985 12.094200 0.172511 -0.013403 0.984916 0.000000 0.000000 0.000000 0.000000 1.000000
0.977399 -0.100761 -0.185843 0.000000 0.101328 0.994832 -0.006467 12.094200 0.185535 -0.012510 0.982558 0.000000 0.000000 0.000000 0.000000 1.000000
0.975443 -0.099118 -0.196687 0.000000 0.099469 0.995008 -0.008117 12.094200 0.196509 -0.011647 0.980433 0.000000 0.000000 0.000000 0.000000 1.000000
0.974109 -0.100978 -0.202276 -0.000000 0.100975 0.994835 -0.010360 12.094200 0.202277 -0.010333 0.979274 0.000000 0.000000 0.000000 0.000000 1.000000
0.973579 -0.104210 -0.203186 0.000000 0.104005 0.994508 -0.011716 12.094200 0.203291 -0.009726 0.979070 0.000000 0.000000 0.000000 0.000000 1.000000
0.973552 -0.105538 -0.202629 -0.000000 0.105549 0.994356 -0.010783 12.094200 0.202624 -0.010889 0.979196 0.000000 0.000000 0.000000 0.000000 1.000000
0.973793 -0.105653 -0.201405 0.000000 0.106408 0.994297 -0.007105 12.094200 0.201007 -0.014512 0.979482 -0.000000 0.000000 0.000000 0.000000 1.000000
0.974597 -0.101545 -0.199621 -0.000000 0.103655 0.994613 0.000119 12.094200 0.198534 -0.020807 0.979873 -0.000000 0.000000 0.000000 0.000000 1.000000
0.976663 -0.091330 -0.194393 0.000000 0.094677 0.995476 0.007975 12.094200 0.192785 -0.026194 0.980891 0.000000 0.000000 0.000000 0.000000 1.000000
0.982004 -0.076595 -0.172633 -0.000000 0.080002 0.996712 0.012855 12.094200 0.171080 -0.026434 0.984902 0.000000 0.000000 0.000000 0.000000 1.000000
0.989602 -0.056877 -0.132113 0.000000 0.059237 0.998146 0.013996 12.094200 0.131072 -0.021676 0.991136 0.000000 0.000000 0.000000 0.000000 1.000000
0.995987 -0.038295 -0.080888 -0.000000 0.038677 0.999247 0.003162 12.094200 0.080706 -0.006278 0.996718 0.000000 0.000000 0.000000 0.000000 1.000000
0.999128 -0.033711 -0.024618 -0.000000 0.033231 0.999254 -0.019657 12.094200 0.025262 0.018822 0.999504 0.000000 0.000000 0.000000 0.000000 1.000000
0.998501 -0.049116 0.024135 -0.000000 0.049981 0.998078 -0.036650 12.094200 -0.022289 0.037801 0.999037 -0.000000 0.000000 0.000000 0.000000 1.000000
0.995273 -0.075853 0.060639 0.000000 0.078298 0.996166 -0.039014 12.094200 -0.057447 0.043578 0.997397 0.000000 0.000000 0.000000 0.000000 1.000000
0.991797 -0.090860 0.089908 -0.000000 0.094886 0.994620 -0.041558 12.094200 -0.085648 0.049749 0.995083 0.000000 0.000000 0.000000 0.000000 1.000000
0.990362 -0.082458 0.111286 0.000000 0.088856 0.994590 -0.053805 12.094200 -0.106248 0.063175 0.992331 -0.000000 0.000000 0.000000 0.000000 1.000000
0.988644 -0.076832 0.129149 0.000000 0.086579 0.993667 -0.071625 12.094200 -0.122828 0.081993 0.989035 -0.000000 0.000000 0.000000 0.000000 1.000000
0.983551 -0.083733 0.160048 0.000000 0.099293 0.990812 -0.091823 12.094200 -0.150889 0.106205 0.982829 0.000000 0.000000 0.000000 0.000000 1.000000
0.979915 -0.088209 0.178845 0.000000 0.110455 0.986792 -0.118496 12.094200 -0.166030 0.135871 0.976715 0.000000 0.000000 0.000000 0.000000 1.000000
0.984416 -0.077107 0.158050 0.000000 0.101520 0.983041 -0.152723 12.094200 -0.143593 0.166389 0.975549 -0.000000 0.000000 0.000000 0.000000 1.000000
0.990606 -0.057894 0.123889 0.000000 0.080210 0.979739 -0.183514 12.094200 -0.110754 0.191728 0.975179 0.000000 0.000000 0.000000 0.000000 1.000000
0.995254 -0.036254 0.090303 -0.000000 0.054570 0.976289 -0.209479 12.094200 -0.080568 0.213413 0.973634 0.000000 0.000000 0.000000 0.000000 1.000000
0.998691 -0.011337 0.049886 0.000000 0.022738 0.971893 -0.234322 12.094200 -0.045827 0.235150 0.970878 0.000000 0.000000 0.000000 0.000000 1.000000
0.999817 0.011714 0.015101 -0.000000 -0.007547 0.967918 -0.251154 12.094200 -0.017558 0.250994 0.967829 0.000000 0.000000 0.000000 0.000000 1.000000
0.999663 0.025790 -0.002947 0.000000 -0.025697 0.967159 -0.252870 12.094200 -0.003672 0.252861 0.967496 0.000000 0.000000 0.000000 0.000000 1.000000
0.999490 0.030492 -0.009478 0.000000 -0.031881 0.969562 -0.242761 12.094200 0.001787 0.242939 0.970040 0.000000 0.000000 0.000000 0.000000 1.000000
0.999507 0.027892 -0.014435 -0.000000 -0.030433 0.973684 -0.225860 12.094200 0.007755 0.226188 0.974053 0.000000 0.000000 0.000000 0.000000 1.000000
0.999633 0.020542 -0.017637 0.000000 -0.023769 0.977766 -0.208350 12.094200 0.012965 0.208693 0.977895 -0.000000 0.000000 0.000000 0.000000 1.000000
0.999882 0.012175 -0.009347 0.000000 -0.013758 0.980883 -0.194111 12.094200 0.006805 0.194217 0.980935 0.000000 0.000000 0.000000 0.000000 1.000000
0.999986 0.004708 0.002585 0.000000 -0.004173 0.984061 -0.177785 12.094200 -0.003381 0.177771 0.984066 0.000000 0.000000 0.000000 0.000000 1.000000
0.999999 -0.000394 0.001199 0.000000 0.000585 0.986598 -0.163169 12.094200 -0.001119 0.163169 0.986597 0.000000 0.000000 0.000000 0.000000 1.000000
0.999893 -0.006495 -0.013121 0.000000 0.004414 0.988241 -0.152842 12.094200 0.013959 0.152768 0.988164 0.000000 0.000000 0.000000 0.000000 1.000000
0.999451 -0.013795 -0.030131 -0.000000 0.009316 0.989530 -0.144027 12.094200 0.031803 0.143667 0.989115 0.000000 0.000000 0.000000 0.000000 1.000000
0.998823 -0.018554 -0.044811 0.000000 0.012199 0.990338 -0.138135 12.094200 0.046941 0.137426 0.989399 0.000000 0.000000 0.000000 0.000000 1.000000
0.998203 -0.020191 -0.056426 0.000000 0.012468 0.990902 -0.134004 12.094200 0.058618 0.133060 0.989373 0.000000 0.000000 0.000000 0.000000 1.000000
0.997591 -0.023134 -0.065403 0.000000 0.014496 0.991461 -0.129593 12.094200 0.067843 0.128333 0.989408 0.000000 0.000000 0.000000 0.000000 1.000000
0.997024 -0.028062 -0.071808 -0.000000 0.018951 0.992032 -0.124555 12.094200 0.074731 0.122823 0.989611 0.000000 0.000000 0.000000 0.000000 1.000000
0.996530 -0.033041 -0.076401 0.000000 0.023783 0.992603 -0.119054 12.094200 0.079769 0.116824 0.989944 0.000000 0.000000 0.000000 0.000000 1.000000
0.995927 -0.038318 -0.081613 -0.000000 0.028874 0.993072 -0.113904 12.094200 0.085413 0.111084 0.990134 -0.000000 0.000000 0.000000 0.000000 1.000000
0.995210 -0.043082 -0.087759 -0.000000 0.033374 0.993456 -0.109230 12.094200 0.091890 0.105778 0.990135 0.000000 0.000000 0.000000 0.000000 1.000000
